# GCAM MC event stream  scenario=cs137-centered-baseline
# count_rate_cps=500000 adc_sample_rate_hz=1E+08 events=1500
# columns: arrival_sample energy_keV
87 661.700
300 181.751
462 661.700
758 661.700
1230 461.857
2270 661.700
2322 661.700
2569 276.783
2877 661.700
3104 505.692
3206 324.110
3458 31.705
3640 661.700
3666 661.700
3846 661.700
3883 141.783
4442 661.700
4730 661.700
4846 450.024
5215 29.397
5331 661.700
5363 661.700
5475 661.700
5520 661.700
5582 661.700
5585 661.700
5589 661.700
5827 661.700
5951 76.454
6431 661.700
6483 661.700
6624 65.970
6654 171.419
6713 661.700
6774 69.545
7379 661.700
7688 661.700
7930 661.700
8289 661.700
8396 183.135
8466 661.700
8596 661.700
8642 331.949
8980 661.700
9086 661.700
9117 661.700
9483 661.700
9661 50.981
9668 270.942
9989 661.700
10076 55.330
10543 661.700
10706 661.700
11066 661.700
11110 661.700
11156 661.700
11207 661.700
11295 236.433
11436 661.700
11874 661.700
12623 192.056
12775 661.700
12832 58.481
13249 661.700
13368 661.700
13815 661.700
13988 437.493
14071 661.700
14464 661.700
14669 661.700
14766 661.700
14820 661.700
15348 152.911
15353 442.631
15511 661.700
16180 661.700
16754 496.596
16944 661.700
17252 241.088
17278 661.700
17318 661.700
17429 661.700
17647 661.700
17864 144.169
18027 661.700
18106 249.031
18699 171.775
18772 661.700
18784 278.011
18796 661.700
19055 661.700
19167 661.700
19211 390.057
19792 661.700
19908 661.700
20197 99.903
20248 661.700
20329 661.700
20420 661.700
20566 371.272
20733 661.700
20871 263.337
21134 661.700
21233 661.700
21340 321.223
21365 661.700
22097 661.700
22249 181.553
22317 661.700
22369 661.700
22430 245.813
22619 408.508
22789 661.700
22885 9.459
23133 143.235
23292 459.524
23697 661.700
23873 423.932
23950 661.700
23977 661.700
24554 471.338
24618 230.518
24684 661.700
25008 451.122
25502 661.700
26122 661.700
26129 661.700
26950 326.863
27127 661.700
27432 661.700
27699 661.700
27888 661.700
27945 661.700
28007 661.700
28170 661.700
28398 396.819
28636 661.700
28700 661.700
28757 661.700
28873 355.623
28959 248.343
29067 661.700
29070 661.700
29425 403.963
29742 336.752
29767 661.700
30156 449.989
30494 661.700
30548 661.700
30987 661.700
31441 434.136
31646 661.700
31648 661.700
31703 263.071
31875 661.700
31944 415.056
31993 52.606
32522 661.700
32651 661.700
32774 661.700
32790 661.700
33728 661.700
34303 661.700
34444 475.738
34580 661.700
34790 661.700
34880 186.597
34953 661.700
35302 661.700
35308 661.700
35691 661.700
35871 661.700
35954 661.700
36378 661.700
36674 218.941
36824 48.507
36884 661.700
37004 109.119
37005 661.700
37328 37.960
37348 661.700
37399 661.700
37675 661.700
37915 661.700
38348 15.116
38368 661.700
38552 661.700
38553 661.700
38788 661.700
38849 661.700
38974 661.700
39266 286.534
39586 76.518
39894 661.700
39984 406.609
40074 661.700
40202 661.700
40343 178.351
40425 661.700
40457 661.700
40735 274.036
40895 661.700
41831 661.700
41877 661.700
41885 108.382
41957 661.700
42028 661.700
42057 59.375
42183 661.700
42193 291.102
42200 661.700
42489 226.100
43001 661.700
43225 145.051
43316 661.700
43703 661.700
43758 4.484
43814 661.700
44009 661.700
44110 661.700
44120 661.700
44208 661.700
44399 363.785
44564 238.018
44730 353.447
44748 468.482
45065 661.700
45227 661.700
45373 661.700
45479 82.207
45490 661.700
45770 661.700
45794 661.700
46187 661.700
46197 277.375
46356 661.700
46408 138.697
46565 661.700
46783 661.700
46957 29.618
47274 661.700
47400 344.472
47555 661.700
47760 661.700
47813 661.700
48054 361.701
48426 147.453
48453 661.700
48563 37.120
48704 661.700
48729 661.700
48781 210.225
49214 661.700
49771 248.545
49792 365.330
49892 661.700
50440 661.700
50552 661.700
50757 661.700
51360 661.700
51502 661.700
51776 661.700
51967 661.700
51978 273.813
53008 661.700
53073 192.859
53284 661.700
53297 661.700
53492 396.787
53831 661.700
54026 661.700
54267 661.700
54441 661.700
54449 661.700
54634 661.700
54807 134.692
55149 661.700
55874 661.700
55954 482.232
56354 661.700
56410 661.700
56631 661.700
56660 661.700
56662 367.473
56731 661.700
57079 296.026
57484 45.888
57523 661.700
57810 661.700
58023 661.700
58213 661.700
58536 661.700
58999 661.700
59248 661.700
59264 661.700
59274 89.044
59660 661.700
59791 661.700
59999 661.700
60618 661.700
60628 661.700
60932 661.700
61071 206.290
61258 195.195
61686 420.115
61794 67.857
62004 661.700
62377 661.700
62459 382.420
62605 661.700
62776 661.700
63430 661.700
63452 6.099
63751 377.005
63999 661.700
64362 291.161
64553 661.700
64737 661.700
65027 661.700
65064 423.598
65170 149.026
65299 661.700
65370 283.268
66055 661.700
66101 661.700
66446 251.928
66767 661.700
67171 661.700
67841 70.352
68004 152.025
68261 661.700
68344 68.630
68423 661.700
68516 56.741
68856 661.700
68979 19.296
69015 365.252
69165 661.700
69193 661.700
69607 661.700
69645 661.700
69650 143.555
70018 661.700
70074 661.700
70091 98.422
70300 661.700
70541 661.700
70567 661.700
70568 310.199
70622 244.759
70736 661.700
70794 661.700
71045 661.700
71175 661.700
71332 661.700
71502 661.700
71634 73.047
71786 661.700
71889 661.700
71902 661.700
72095 121.682
72400 661.700
72824 109.102
73127 661.700
73442 661.700
73496 238.401
73699 275.134
73960 661.700
74601 661.700
74659 661.700
74880 219.781
74898 661.700
75026 661.700
75470 661.700
76557 661.700
76655 661.700
76856 661.700
76867 20.569
77303 661.700
77465 311.268
77491 661.700
77715 661.700
78116 276.515
78376 111.146
78402 661.700
78529 166.118
78725 661.700
79101 661.700
79454 661.700
79510 293.926
80266 661.700
80468 139.780
80494 661.700
80509 661.700
80567 661.700
80667 661.700
80697 661.700
80710 661.700
80830 661.700
81201 661.700
81204 74.066
81905 35.428
81941 458.706
82219 43.471
82387 661.700
82472 661.700
82775 661.700
83122 52.502
83254 661.700
83288 661.700
83849 661.700
83959 42.168
84168 450.047
84543 661.700
85097 661.700
85679 661.700
86178 661.700
86211 661.700
86426 331.888
86504 661.700
86694 322.886
87005 661.700
87466 661.700
87718 423.688
87782 661.700
87789 284.377
88452 13.300
88556 661.700
88758 661.700
88943 319.931
89000 256.782
89169 288.761
89356 661.700
89365 661.700
89521 168.082
89554 2.590
89696 661.700
89720 661.700
89755 661.700
90053 110.961
90288 661.700
90611 661.700
90701 661.700
90925 177.417
90997 661.700
91158 661.700
92035 661.700
92100 661.700
92129 16.948
92203 661.700
92331 83.769
93257 661.700
93360 195.019
93387 661.700
93440 102.083
93491 661.700
93505 43.653
93625 661.700
93754 661.700
93907 661.700
94004 661.700
94098 661.700
94139 661.700
94561 450.796
95046 340.136
95138 661.700
95478 661.700
95664 661.700
95736 661.700
96044 661.700
96158 179.719
96484 661.700
97493 466.909
97924 110.652
98123 43.592
98458 661.700
98568 221.614
98620 368.745
98726 230.442
98982 280.445
98992 170.365
99223 238.802
99287 661.700
99366 661.700
99394 661.700
99453 183.955
99490 661.700
99620 661.700
99954 661.700
100031 329.358
100048 661.700
100060 661.700
100264 39.139
100459 661.700
100559 199.014
100634 219.331
100825 661.700
100958 661.700
101245 661.700
101795 661.700
102060 48.972
102157 402.464
102880 76.968
102965 661.700
103376 17.441
103599 661.700
104737 661.700
104884 661.700
105022 217.432
105130 661.700
105453 60.091
105821 272.171
105829 33.198
106110 53.580
106244 661.700
106483 661.700
106505 135.889
106895 491.288
107172 661.700
107386 661.700
107430 279.499
107513 360.671
107827 661.700
108683 373.736
108924 661.700
109019 410.183
109056 661.700
109148 661.700
109284 661.700
109360 661.700
109404 266.592
109956 661.700
110082 661.700
110211 661.700
111083 661.700
111300 661.700
111550 661.700
112066 661.700
112188 661.700
112310 661.700
112370 661.700
112579 661.700
113366 661.700
113467 60.540
113612 661.700
113668 661.700
113672 661.700
114101 661.700
114131 661.700
114368 661.700
114415 661.700
114697 296.929
114965 245.565
114987 10.041
115254 2.329
115354 661.700
115533 661.700
116402 120.959
116609 661.700
116745 661.700
116886 661.700
117083 661.700
117089 661.700
117129 116.975
117179 101.219
117577 661.700
117671 186.368
117837 218.282
118128 661.700
118477 661.700
119295 60.495
119335 9.039
119438 661.700
119506 398.757
119608 661.700
119768 661.700
119857 43.422
119959 56.823
120085 661.700
120208 661.700
120297 379.312
120363 661.700
120416 661.700
120736 661.700
120759 661.700
120875 661.700
120920 661.700
121010 293.476
121278 329.964
121457 661.700
121472 661.700
121732 661.700
121797 661.700
122454 661.700
123066 661.700
123266 661.700
123460 661.700
123781 661.700
123819 661.700
124031 661.700
124433 661.700
124556 50.479
124580 661.700
124654 661.700
124903 362.977
124909 661.700
124996 661.700
125115 661.700
125359 661.700
125401 294.511
125408 123.991
125451 661.700
125597 661.700
125638 65.113
125667 661.700
125718 661.700
125818 661.700
125870 661.700
125885 40.994
126187 661.700
126406 181.273
126408 661.700
126755 661.700
126794 661.700
127074 661.700
127133 661.700
127601 203.188
127716 661.700
127799 661.700
128091 661.700
128621 167.983
128785 661.700
128836 661.700
129173 55.722
129353 661.700
129812 661.700
129849 475.692
130362 661.700
130380 661.700
130398 661.700
130416 661.700
130694 661.700
130908 120.446
131069 136.140
131231 302.341
131654 661.700
131701 209.737
131720 117.433
132070 281.912
132332 390.128
132386 661.700
132486 661.700
132745 325.587
132845 661.700
133754 661.700
134137 661.700
134338 661.700
134903 661.700
135066 661.700
135188 184.239
135214 661.700
135710 661.700
135733 661.700
136288 661.700
136347 391.070
136476 120.760
137167 661.700
137411 661.700
137590 661.700
137644 408.124
137655 661.700
137783 108.938
137814 102.946
138755 661.700
138991 49.050
139479 661.700
139568 661.700
139631 661.700
139824 661.700
140238 661.700
140248 173.871
140580 661.700
140770 461.950
140957 661.700
141108 203.848
141262 661.700
141622 661.700
141977 661.700
142325 332.555
142596 661.700
142658 661.700
142709 661.700
142800 423.451
142999 661.700
143643 661.700
143680 661.700
143885 661.700
144139 259.860
144210 661.700
144227 661.700
144710 661.700
144850 296.980
144990 218.665
145167 661.700
145391 661.700
145683 661.700
145740 661.700
146005 661.700
146247 661.700
146263 96.665
146400 661.700
146490 661.700
146568 473.609
146798 661.700
146902 661.700
146977 414.582
147049 661.700
147189 661.700
147294 331.942
147547 115.532
147752 219.010
147782 444.413
148205 244.044
148582 661.700
149301 661.700
149657 661.700
149679 661.700
149823 272.743
149829 661.700
149977 118.189
150041 471.136
150244 661.700
150967 661.700
151122 661.700
151783 661.700
151941 661.700
152014 475.604
152019 661.700
152561 396.121
152849 661.700
152917 661.700
152938 661.700
152966 316.531
153242 661.700
153298 661.700
153760 661.700
154228 661.700
154458 661.700
154509 452.790
154718 661.700
155120 380.465
155150 661.700
155225 661.700
155398 661.700
155513 661.700
155809 661.700
156005 359.240
156218 661.700
156409 661.700
156779 381.253
156997 184.275
157263 661.700
157506 390.364
157545 661.700
157872 661.700
158263 661.700
158362 661.700
158668 661.700
158922 318.878
159314 661.700
159316 661.700
159381 661.700
159550 661.700
159757 661.700
159869 661.700
160025 661.700
160026 21.826
160054 468.936
160239 661.700
160254 453.265
160778 661.700
160888 661.700
160955 661.700
161052 661.700
161266 661.700
161295 661.700
161374 661.700
161474 298.101
161495 341.119
161537 661.700
162048 134.032
162259 661.700
162364 661.700
162383 252.301
162404 661.700
162565 440.081
162666 661.700
163271 661.700
163847 24.561
163945 661.700
164087 239.850
164113 661.700
164776 0.461
164867 313.969
165072 661.700
165249 661.700
165417 223.187
165637 661.700
165669 661.700
166128 661.700
166416 661.700
166551 661.700
166562 661.700
166719 661.700
167213 661.700
167268 661.700
167387 661.700
167464 661.700
167611 661.700
167834 661.700
167986 661.700
169102 661.700
169332 661.700
169482 661.700
170036 420.364
170124 71.486
170534 542.714
170665 661.700
170822 661.700
171242 661.700
171273 315.159
171285 58.069
171326 112.411
171375 661.700
171540 88.997
171869 127.183
171991 661.700
172500 661.700
172771 661.700
172785 367.642
172952 661.700
173166 180.991
173223 661.700
173268 661.700
173379 661.700
173492 661.700
173674 661.700
174072 661.700
174111 661.700
174500 432.798
174522 661.700
174538 43.673
174651 661.700
174715 661.700
175099 661.700
175243 661.700
175359 93.686
175473 447.202
175585 237.548
175652 661.700
175903 661.700
175922 661.700
175949 661.700
176012 661.700
176293 661.700
176538 661.700
176611 661.700
176973 661.700
177779 661.700
177802 472.054
178109 124.112
178259 661.700
178432 661.700
178551 333.017
178574 661.700
178991 117.291
179267 464.083
179399 661.700
179420 661.700
179562 661.700
179844 661.700
179845 235.712
179918 661.700
180150 661.700
180446 298.947
180460 661.700
180657 193.974
181149 661.700
181239 661.700
181249 661.700
181341 661.700
181346 661.700
181481 661.700
181603 661.700
181691 661.700
181820 661.700
181972 661.700
182723 661.700
182841 661.700
183097 661.700
183124 104.691
183411 469.903
183837 661.700
183851 661.700
183866 661.700
184038 177.654
184176 661.700
184963 661.700
184999 134.493
185764 378.199
186053 661.700
186674 661.700
186755 460.333
187263 426.388
187414 152.347
187659 661.700
187967 44.525
188083 661.700
188220 661.700
188454 52.574
188470 661.700
188569 400.224
188698 661.700
189239 22.839
189509 661.700
189797 661.700
189804 661.700
189830 150.958
189850 661.700
190049 661.700
190133 661.700
190429 314.267
190437 661.700
190532 455.862
190629 142.701
191605 661.700
191633 661.700
191687 33.192
191877 661.700
191921 661.700
192088 661.700
192296 661.700
192572 661.700
192669 661.700
192736 661.700
192842 661.700
193075 661.700
193245 661.700
193761 661.700
193970 661.700
194205 661.700
194225 661.700
194356 661.700
194638 661.700
194845 661.700
195108 661.700
195176 661.700
195766 661.700
195845 661.700
195919 661.700
196075 661.700
196170 661.700
196602 202.863
196756 661.700
196958 661.700
197904 139.885
198404 661.700
199028 661.700
199182 661.700
199337 414.608
199510 661.700
199669 661.700
200016 222.120
200088 661.700
200114 661.700
200227 661.700
200433 661.700
200452 232.099
200661 661.700
200740 661.700
200756 661.700
200880 661.700
200924 7.144
201043 661.700
201602 661.700
201659 661.700
201728 661.700
201794 235.417
202059 661.700
202271 223.785
202514 661.700
202554 661.700
203035 661.700
203108 661.700
203320 661.700
203362 661.700
203648 250.863
203696 661.700
203972 149.025
204041 311.022
204178 471.533
204441 661.700
204449 661.700
204546 661.700
204560 661.700
204591 661.700
204654 9.518
204694 661.700
204895 661.700
204942 661.700
204961 661.700
205005 227.367
205076 661.700
207083 661.700
207137 301.097
207153 661.700
207193 661.700
207308 661.700
207490 412.189
207589 396.372
207828 661.700
208031 661.700
208081 661.700
208512 194.085
208873 456.833
208974 419.449
209178 661.700
209324 661.700
209533 661.700
210073 661.700
210295 661.700
210408 661.700
210492 17.110
210579 124.475
210935 661.700
211019 661.700
211130 60.546
211465 56.598
211559 661.700
211879 661.700
212626 661.700
212650 661.700
212858 661.700
213006 661.700
213172 661.700
213313 661.700
213739 661.700
214221 99.257
214235 661.700
214405 431.787
214407 335.213
214486 482.588
214676 661.700
214765 661.700
214946 661.700
215338 661.700
215480 661.700
215513 661.700
215673 661.700
215896 661.700
216036 247.461
216315 661.700
216467 661.700
216708 661.700
216865 661.700
217079 661.700
217464 661.700
218043 661.700
218080 661.700
218523 95.670
218735 286.001
218827 93.712
218839 47.133
219161 661.700
219268 661.700
219443 661.700
220363 353.107
220603 252.856
220681 661.700
220760 282.838
220905 661.700
221167 430.835
221285 661.700
221301 21.064
221815 661.700
221900 18.793
222241 661.700
223064 6.730
223348 661.700
224066 382.743
224424 661.700
224489 421.815
224549 177.299
224793 283.493
224863 452.286
224913 661.700
225088 661.700
225670 661.700
226459 109.158
226932 661.700
227143 403.361
227695 661.700
227965 221.868
228005 77.269
228507 231.005
228712 661.700
228773 661.700
229109 388.163
229696 661.700
229699 661.700
230105 661.700
230438 661.700
230792 661.700
230843 661.700
230877 229.400
231173 233.993
231246 661.700
231367 661.700
231668 661.700
231712 661.700
232077 251.022
232486 661.700
232527 661.700
232571 661.700
232583 661.700
232678 661.700
232700 661.700
232789 661.700
232929 441.883
232971 661.700
232971 87.162
232980 108.243
233234 661.700
233341 661.700
233566 661.700
233740 661.700
234635 661.700
234697 661.700
234731 398.620
234797 661.700
234814 661.700
234815 661.700
234823 661.700
235097 262.192
235119 446.015
235123 661.700
235242 661.700
235250 661.700
235408 79.132
235556 661.700
236058 453.006
236086 661.700
236122 661.700
236429 377.625
236443 661.700
236748 661.700
237025 661.700
237183 458.804
237209 661.700
237365 281.142
237518 235.635
237994 661.700
238068 661.700
238352 24.814
238354 661.700
238702 661.700
238721 661.700
238828 661.700
238987 661.700
239159 661.700
239465 661.700
239473 661.700
239544 222.363
239681 661.700
239705 661.700
240065 661.700
240424 212.228
240540 661.700
240559 661.700
240567 661.700
241102 423.416
241116 661.700
241447 32.977
242258 661.700
242321 52.783
242733 211.712
243152 661.700
243696 389.142
243781 661.700
244229 661.700
244583 23.398
244700 661.700
244732 356.874
244923 661.700
245198 458.243
245236 661.700
245474 349.201
245540 661.700
245805 661.700
245870 52.362
246401 661.700
246408 661.700
246543 661.700
247248 661.700
247516 661.700
247942 661.700
248295 201.330
248518 191.807
248740 98.706
248793 392.060
249383 661.700
249458 661.700
249578 211.597
249596 472.204
249784 661.700
249910 661.700
249931 661.700
250010 661.700
250144 661.700
250174 661.700
250762 661.700
250796 661.700
250810 184.320
251022 661.700
251297 661.700
251380 661.700
251829 661.700
252059 661.700
252334 661.700
252896 110.372
252925 28.305
253088 661.700
253332 661.700
253668 661.700
253691 661.700
254150 320.053
254321 661.700
254685 661.700
254741 52.791
254840 661.700
254849 661.700
254895 661.700
254956 84.633
254980 661.700
255564 661.700
255710 661.700
256680 661.700
256692 154.346
256693 441.681
256759 661.700
256774 661.700
256867 661.700
257179 661.700
257359 661.700
257440 661.700
257735 661.700
258410 250.212
258775 661.700
258825 661.700
258927 661.700
259795 661.700
259826 661.700
260340 661.700
260603 37.792
260623 661.700
260722 661.700
260908 661.700
261111 661.700
261899 661.700
262148 198.977
262594 661.700
262654 661.700
262671 661.700
262692 661.700
262712 362.629
262983 661.700
263434 384.568
264036 205.769
264282 459.784
264334 661.700
264419 661.700
264781 661.700
265008 661.700
265134 661.700
265533 423.604
265825 661.700
266116 661.700
266139 661.700
266271 661.700
266352 661.700
266894 661.700
267161 7.550
267352 661.700
267726 661.700
267829 661.700
268286 482.276
268352 661.700
268504 661.700
268508 661.700
268670 661.700
269160 661.700
269247 79.990
269263 661.700
269333 661.700
269431 661.700
269770 661.700
269838 661.700
270072 85.387
270210 274.785
270389 384.631
270807 661.700
270810 661.700
270838 661.700
271865 661.700
271875 383.990
271908 29.427
272034 395.006
272155 395.382
272560 661.700
272639 661.700
272835 267.484
272972 661.700
273006 661.700
273213 661.700
273514 661.700
273548 661.700
273754 661.700
273808 325.222
274047 31.917
274091 661.700
274214 183.062
274305 661.700
274834 661.700
274868 94.966
274943 661.700
275962 661.700
276247 661.700
276343 661.700
276360 661.700
276370 661.700
276501 661.700
276517 397.748
276706 661.700
277148 661.700
277271 661.700
277772 661.700
277958 661.700
278152 180.158
278470 467.514
278528 661.700
278640 661.700
278992 661.700
279210 661.700
279448 661.700
279974 661.700
280083 661.700
280127 661.700
280240 661.700
280385 661.700
280438 661.700
280476 661.700
280486 661.700
281453 661.700
281525 106.652
281553 661.700
281697 661.700
281715 661.700
282474 661.700
282701 450.083
282713 661.700
282812 661.700
282830 15.550
282923 661.700
283266 145.594
283640 266.323
283799 661.700
284227 106.463
284288 661.700
284330 471.516
284722 661.700
284882 36.729
284886 661.700
285002 63.225
285121 83.057
285412 661.700
285612 661.700
285852 448.912
285905 661.700
285957 274.884
286408 661.700
286727 661.700
286806 661.700
287205 28.840
287586 404.718
288003 113.115
288115 436.643
288132 661.700
288207 661.700
288491 661.700
289073 661.700
289430 661.700
289628 379.868
290199 661.700
290467 661.700
290861 661.700
290946 661.700
291067 661.700
291438 661.700
291819 661.700
291914 661.700
292068 661.700
292603 105.638
292659 661.700
292874 661.700
293102 661.700
293134 661.700
293324 448.997
293482 272.154
293634 661.700
293773 83.298
294109 661.700
294492 661.700
294770 661.700
295076 661.700
295137 661.700
295150 661.700
295200 41.880
295348 661.700
295924 661.700
296033 661.700
296158 436.493
296327 26.119
296469 661.700
296524 661.700
296530 661.700
297042 208.960
297059 661.700
297301 661.700
297477 465.215
297587 661.700
297626 661.700
298013 661.700
298109 661.700
298485 661.700
298574 661.700
298975 661.700
298993 661.700
299039 661.700
299076 661.700
299336 661.700
299674 346.107
299828 157.147
300129 661.700
300188 661.700
300217 661.700
301002 661.700
301420 661.700
301454 661.700
301584 139.305
301904 661.700
301930 61.822
302469 661.700
302929 661.700
303042 661.700
303531 661.700
304213 661.700
304323 200.319
304323 348.710
304524 322.679
304807 661.700
304821 83.581
305305 661.700
305948 661.700
305971 105.213
306050 661.700
306684 661.700
306811 27.009
307280 25.679
307391 661.700
307491 110.868
308248 661.700
308251 661.700
308338 5.687
308387 661.700
308572 18.892
309094 332.756
309410 661.700
309467 661.700
309490 661.700
309500 661.700
309509 38.029
310020 661.700
310070 661.700
310380 661.700
310452 661.700
310508 661.700
311131 661.700
311730 661.700
312275 38.985
312374 36.001
