FIT,main10v2,700,30,10,20801183,all,1231,34.1385,-0.4395,36.5653,-0.9129,659.00,659.00,686.795,20.3804,-0.3482,33.58692,-0.57378,-601.4689,-601.7611,1.4223,0.6305,33.45502,-0.60452,16.275,1,1,0.4610,NaN,NaN,157.69,175.46,170.101,0,548,146.9,8636,569.33,35.2642,-1.4755,657.76,34.1621,-0.5140,0,NaN,0,22.0
FIT,main10v2,700,30,10,20801183,win,391,33.4918,-2.8533,36.9635,-1.3035,659.00,659.00,651.437,19.2016,-1.0653,33.60232,-1.86430,-636.1749,-636.4534,0.9634,1.8713,33.18333,-1.94779,32.720,1,1,0.6688,NaN,NaN,157.11,25.15,154.877,0,502,308.7,8636,700.27,33.7302,-2.2638,635.78,33.5698,-2.1914,0,NaN,0,20.8
FIT,main10v2,700,30,10,21501204,all,1429,34.3976,-0.6362,33.8740,-0.3925,709.05,709.05,723.289,21.7701,-0.1558,33.84188,-0.24215,-534.5638,-534.6821,1.3063,1.9655,34.12349,-0.24378,17.236,1,1,0.3496,NaN,NaN,158.16,155.21,215.763,0.0332029,456,405.7,9370,607.18,36.4705,-1.0701,722.60,34.0050,0.0453,0,NaN,0,23.2
FIT,main10v2,700,30,10,21501204,win,447,35.3274,0.2038,36.7139,0.0493,709.05,709.05,679.411,21.1548,-0.0156,35.29260,-0.02602,-697.7616,-696.9477,0.6654,0.3186,34.94305,-0.03827,35.266,1,1,0.7498,NaN,NaN,161.94,30.13,178.706,0.0422343,499,465.0,9370,607.18,37.2548,-1.2237,664.91,35.7009,0.4002,0,NaN,0,21.3
FIT,main10v2,300,0,10,20900088,all,7594,-2.5120,-45.0164,1.2281,-55.8983,778.43,183.31,297.771,0.0460,-0.0132,0.21137,-0.06076,9879.3671,9879.4783,2.5908,3.0457,0.16719,-0.07232,1.264,1,1,0.4150,297.77,0.025,298.08,1.28,180.387,0.0876896,716,142.2,47433,294.25,-0.8800,-1.4038,297.28,0.2282,0.0004,0,NaN,0,24.7
FIT,main10v2,300,0,10,20900088,win,2318,-2.9148,-10.6827,0.5268,0.0507,272.23,272.23,297.088,0.1309,-0.0617,0.60299,-0.28432,197.6967,197.8285,2.0797,0.7662,0.55682,-0.37682,3.282,1,1,0.4488,NaN,NaN,135.35,117.75,173.258,0.0981961,564,93.6,47433,304.04,0.0338,-1.0382,303.57,0.1930,-0.8437,0,NaN,0,23.5
FIT,main10v2,300,30,10,20701192,all,7478,37.1153,-45.1018,38.0253,-1.1450,836.18,245.69,302.894,9.0964,-0.0318,40.81057,-0.14288,9521.5821,9521.4540,6.5251,5.3354,41.02282,-0.13325,1.269,1,1,0.6497,302.89,0.428,303.49,0.43,189.121,0.278633,743,131.0,49373,294.25,41.4454,-1.0666,303.36,40.8071,-0.0046,0,NaN,0,26.2
FIT,main10v2,300,30,10,20701192,win,2218,54.0060,-58.7296,37.7082,-45.6784,836.18,308.00,302.489,9.0290,0.0079,40.58195,0.03552,83.6244,83.2839,0.8115,0.7536,40.80573,-0.01532,2.900,1,1,0.5910,NaN,NaN,781.05,181.80,178.683,0.0994926,491,80.6,49373,294.25,41.5894,-1.3012,298.88,40.3902,0.0061,0,NaN,0,22.6
FIT,main10v2,700,0,10,20800073,all,1456,0.7133,0.5734,0.7998,-0.2959,715.83,715.83,696.668,0.2423,-0.2336,0.39297,-0.37885,-571.8973,-571.8827,-0.0540,0.0606,0.42961,-0.35364,13.458,1,1,0.3465,NaN,NaN,160.16,99.72,178.726,0.0600621,456,85.5,8799,650.41,1.0293,-0.4157,695.44,0.8012,-0.5447,0,NaN,0,22.3
FIT,main10v2,700,0,10,20800073,win,441,1.7323,-0.0297,0.8267,-0.4002,715.83,715.83,670.337,-0.0838,-0.7024,-0.14191,-1.18991,-702.1356,-701.3748,0.6044,0.6421,0.09765,-1.04422,35.247,1,1,0.6308,158.74,23.378,159.98,12.33,158.977,0.0326375,591,191.2,8799,650.41,0.5612,-0.3920,628.63,0.8055,-0.9271,0,NaN,0,20.7
FIT,main10v2,300,0,10,20300070,all,7585,-2.7006,-44.6894,-0.3654,-1.2497,516.64,516.64,298.255,-0.0050,-0.0031,-0.02276,-0.01439,9930.9897,9931.4051,2.4680,1.7315,-0.04020,-0.03075,1.315,1,1,0.2500,NaN,NaN,674.32,1230.16,182.876,0,600,145.2,47963,350.74,-1.3255,-1.4885,300.67,0.0456,-0.0828,0,NaN,0,25.4
FIT,main10v2,300,0,10,20300070,win,2360,-3.0118,-10.7681,0.0874,-0.4272,284.82,284.82,296.924,0.0427,-0.0989,0.19703,-0.45596,285.9453,286.2983,4.6188,NaN,0.30155,-0.30237,NaN,0,1,NaN,295.80,0.207,294.76,0.69,182.996,0.00287469,819,607.7,47963,304.04,0.0742,-0.9069,294.02,-0.6291,-0.3395,0,NaN,0,24.4
FIT,main10v2,300,0,10,21100094,all,7711,-2.9283,-10.6413,0.2611,0.2930,271.20,271.20,299.308,-0.0202,-0.0021,-0.09196,-0.00937,10127.0284,10127.0937,0.3929,0.2819,-0.10296,-0.02834,1.298,1,1,0.3512,299.31,0.032,300.61,0.10,183.827,0.16,732,218.7,48712,350.74,-1.3556,-1.3374,299.38,-0.1675,0.0133,0,NaN,0,24.2
FIT,main10v2,300,0,10,21100094,win,2305,-2.3154,-44.7320,-0.4639,-41.0750,1408.21,183.01,298.225,0.0544,0.0441,0.24926,0.20187,233.1192,233.3179,2.2266,0.4515,0.24628,0.16893,2.620,1,1,0.3423,NaN,NaN,627.82,243.40,180.984,0,580,134.8,48712,304.04,0.0536,-0.7793,301.43,-0.0520,-0.2318,0,NaN,0,23.8
FIT,main10v2,300,0,10,20800085,all,7454,-2.8606,-44.8619,2.9196,-45.6443,925.95,181.00,299.097,-0.0037,0.0325,-0.01705,0.14843,9528.9351,9528.8529,1.1527,0.4588,-0.02452,0.12514,1.327,1,1,0.5219,NaN,NaN,135.50,678.38,177.706,0.143541,691,154.1,47561,350.74,-1.2539,-1.3929,301.42,-0.0271,0.0961,0,NaN,0,25.5
FIT,main10v2,300,0,10,20800085,win,2265,2.5423,-25.8034,6.8274,-93.6872,188.76,201.19,300.383,0.0687,0.0398,0.31180,0.18069,135.7578,135.2339,0.5641,0.0169,0.32752,0.09426,2.953,1,1,0.7909,NaN,NaN,194.75,217.35,172.613,0.108188,543,140.2,47561,294.25,-0.9969,-1.2268,311.86,0.2839,-0.0841,1,135.0987,0,72.8
FIT,main10v2,1000,30,10,21301189,all,620,32.7276,0.3666,32.5866,-0.2889,1176.47,1176.47,1078.726,32.2210,0.1393,32.26213,0.13952,-755.8239,-756.5549,2.8054,2.0807,32.42597,0.14582,59.247,1,1,0.5380,NaN,NaN,162.89,73.08,204.782,0.0344032,501,91.6,4273,1135.48,33.1815,0.0196,1038.20,32.2928,0.3823,0,NaN,0,21.8
FIT,main10v2,1000,30,10,21301189,win,206,35.9333,1.4068,37.4758,-0.0810,802.90,802.90,1004.525,31.7694,0.8990,34.36297,0.97236,-485.3856,-485.6030,-0.0184,0.0008,34.37607,0.86211,162.777,1,1,0.6971,163.10,12.919,160.31,9.70,174.196,0.0295847,602,209.7,4273,1009.95,35.9025,1.4056,819.24,36.2330,1.4491,1,-486.0997,0,88.7
FIT,main10v2,1000,30,10,21801204,all,666,33.5118,0.2717,33.9293,-0.4380,901.14,901.14,972.874,28.9053,-0.0838,32.37332,-0.09380,-747.4233,-747.3360,0.0676,0.2890,32.38489,-0.06653,48.970,1,1,0.2915,NaN,NaN,159.09,81.07,183.227,0.0158295,484,75.5,4540,1135.48,33.1887,0.1018,912.26,32.5035,0.1713,0,NaN,0,22.3
FIT,main10v2,1000,30,10,21801204,win,213,34.9260,-0.5944,34.4627,-1.2188,901.14,901.14,820.000,24.6470,-0.6749,33.30675,-0.91197,-484.7090,-484.7093,4.3692,NaN,33.29912,-0.90348,NaN,0,1,NaN,158.28,22.382,160.85,17.58,128.726,0.0113768,653,263.7,4540,650.41,37.0325,-1.9728,686.01,36.1247,-1.2254,1,-485.7650,0,93.5
FIT,main10v2,700,30,10,21301198,all,1331,34.0554,-0.8966,33.8265,-0.4676,720.36,720.36,711.084,21.2989,-0.1883,33.74973,-0.29836,-547.0501,-547.2967,0.1151,0.4894,33.81212,-0.29083,16.127,1,1,0.4253,NaN,NaN,146.36,183.98,198.054,0,565,126.5,9109,569.33,36.6817,-1.4773,713.95,33.4794,-0.5675,0,NaN,0,22.8
FIT,main10v2,700,30,10,21301198,win,407,33.5485,-0.6985,36.5337,-0.1077,720.36,720.36,620.881,18.7596,-0.9940,34.68343,-1.83783,-651.6065,-651.5907,2.5736,NaN,33.72840,-0.37254,NaN,0,1,NaN,NaN,NaN,174.89,50.05,146.959,0,710,1173.1,9109,535.93,37.1509,-1.3178,719.47,33.8431,-0.6524,1,-652.1651,0,96.1
FIT,main10v2,300,30,10,21401213,all,7373,42.6857,-10.3459,43.6615,0.0817,272.64,272.64,301.996,9.1060,0.0091,41.01874,0.04106,9390.0341,9390.2281,3.2257,1.9835,41.20695,0.03895,1.430,1,1,0.5693,301.92,0.049,300.25,0.11,192.045,0,662,1224.2,48791,276.44,43.1686,-0.3645,301.25,40.9773,0.3324,0,NaN,0,23.8
FIT,main10v3,300,30,10,21401213,win,2323,0.1387,5.1175,NaN,NaN,NaN,301.20,300.869,8.9822,-0.0504,40.66771,-0.22807,207.4703,207.9846,1.1499,0.0821,40.86544,-0.24244,3.045,1,1,1.4187,NaN,NaN,NaN,NaN,183.341,0.126754,19,110.2,48791,294.25,41.3404,-1.0398,301.20,41.2174,-0.3944,1,207.4703,1,110.2
FIT,main10v2,1000,0,10,21400082,all,832,-0.8084,1.3077,-0.8037,1.1958,1072.72,1072.72,964.057,-0.1804,0.5562,-0.20400,0.62915,-773.1851,-773.4795,0.3202,0.6056,-0.21099,0.67141,44.383,1,1,0.3369,NaN,NaN,162.74,83.63,199.575,0.0102549,489,124.7,4525,1135.48,-0.7228,1.0476,984.46,-0.8372,0.8425,0,NaN,0,22.6
FIT,main10v2,1000,0,10,21400082,win,224,-2.0041,2.1003,-0.9963,2.5251,884.52,884.52,968.535,-0.9761,1.8717,-1.09854,2.10647,-500.5314,-500.1695,0.5371,0.1006,-1.24628,2.27974,95.808,1,1,0.6941,168.31,21.298,164.35,15.01,179.344,0,706,388.2,4525,1009.95,-2.0024,2.0985,1050.62,-0.9567,2.2901,0,NaN,0,20.2
FIT,main10v2,700,0,10,21100082,all,1453,-0.8115,-0.9651,0.2680,-0.2625,699.25,699.25,700.785,-0.2280,-0.1005,-0.36734,-0.16197,-601.7619,-602.0900,-0.0017,0.0026,-0.34507,-0.12886,15.359,1,1,0.3774,NaN,NaN,154.13,91.40,163.09,0.212302,515,89.9,9041,650.41,0.1674,-0.7522,704.63,-0.2857,-0.0829,0,NaN,0,21.7
FIT,main10v2,700,0,10,21100082,win,444,-2.1739,-2.7047,-0.2233,-0.8163,620.40,620.40,663.180,-0.9584,-0.4530,-1.64336,-0.77678,-716.4192,-716.0378,-0.4076,0.5267,-1.49304,-0.23694,47.722,1,1,1.1245,152.67,21.022,156.19,13.05,135.087,0.0969722,677,214.9,9041,909.40,-3.1549,-1.7335,708.48,-0.8465,-1.2994,0,NaN,0,24.6
FIT,main10v2,1000,30,10,21701201,all,628,33.7784,0.7609,34.4126,0.0846,910.71,910.71,1033.695,31.0203,-0.0524,32.52647,-0.05495,-751.4283,-751.7724,0.4852,0.2397,32.61718,-0.08322,71.351,1,1,0.3386,NaN,NaN,160.11,80.76,191.782,0.028767,464,136.6,4451,1135.48,33.1091,0.1412,910.87,32.7935,0.2104,0,NaN,0,19.8
FIT,main10v2,1000,30,10,21701201,win,200,31.0292,-0.6242,31.6094,-0.1474,1445.20,1445.20,1052.612,30.5192,-0.0133,31.37859,-0.01367,-475.5077,-475.6198,0.0873,0.0951,31.37610,-0.44325,180.378,1,1,0.8519,166.81,12.790,166.90,7.68,185.918,0.0252289,647,421.8,4451,1135.48,31.5931,-1.0137,1265.58,31.8914,-0.6837,0,NaN,0,21.7
FIT,main10v2,500,0,10,21100088,all,2969,-2.3331,4.6343,-0.4535,-0.5311,503.35,503.35,503.838,-0.0743,-0.0123,-0.17526,-0.02891,1060.3800,1060.2809,0.8291,0.3650,-0.15854,-0.03688,6.411,1,1,0.2159,NaN,NaN,150.78,287.17,196.165,0.0571741,491,210.9,18089,569.33,0.6668,-0.0471,504.98,-0.2286,-0.0424,0,NaN,0,22.7
FIT,main10v3,500,0,10,21100088,win,919,0.3170,-3.0362,NaN,NaN,NaN,529.22,505.178,-0.2152,-0.0276,-0.50618,-0.06497,-780.3035,-780.9030,-0.4696,0.1151,-0.50096,-0.05359,15.450,1,1,0.3713,NaN,NaN,NaN,NaN,188.043,0.0730278,19,132.2,18089,569.33,0.8448,0.0131,529.22,0.9701,-0.0753,1,-780.3035,1,132.2
FIT,main10v2,1000,30,10,21601198,all,691,32.9314,-0.1555,32.9260,-0.4791,920.50,920.50,1030.603,30.6878,0.0155,32.28250,0.01627,-752.7838,-752.2474,0.8486,0.3117,32.34639,0.05733,56.641,1,1,0.5320,NaN,NaN,165.24,88.68,217.765,0.00327737,481,301.1,4682,1135.48,32.9985,-0.2444,991.43,32.1676,0.1999,0,NaN,0,21.8
FIT,main10v2,1000,30,10,21601198,win,212,34.3976,0.1189,33.5010,0.2354,1128.09,1128.09,990.177,29.5934,0.4032,32.51394,0.44304,-473.5202,-473.6451,-0.2123,0.0058,32.61725,0.22660,127.431,1,1,0.6912,328.37,24.008,265.24,19.96,197.538,0,613,922.0,4682,1135.48,33.4841,0.2353,882.24,32.1524,0.5100,0,NaN,0,21.3
FIT,main10v2,500,0,10,20800079,all,2816,2.0879,5.1073,-0.3544,-0.5275,511.03,511.03,502.739,-0.0139,0.1285,-0.03278,0.30389,862.0523,862.2485,0.7564,0.2078,-0.02177,0.33287,6.048,1,1,0.3475,NaN,NaN,150.67,294.66,184.509,0.0716779,528,160.5,17438,569.33,0.7199,0.1946,501.79,0.0088,0.3342,0,NaN,0,23.8
FIT,main10v2,500,0,10,20800079,win,867,-3.1276,-2.6056,-0.7466,-1.0048,438.25,438.25,504.750,0.1472,0.0701,0.34654,0.16504,-781.3080,-780.7491,-0.2147,0.1368,0.32006,0.03288,12.986,1,1,0.6950,NaN,NaN,152.76,36.15,178.162,0.063267,514,118.9,17438,569.33,1.0228,-0.1729,487.72,0.7285,0.0087,0,NaN,0,23.8
FIT,main10v2,300,0,10,21200097,all,7651,-1.8509,-18.8004,0.0252,-0.9228,220.26,200.37,298.974,0.0024,0.0234,0.01081,0.10705,9975.6800,9975.6615,0.1027,0.5428,0.01133,0.08769,1.386,1,1,0.2132,299.07,0.110,300.46,0.09,182.157,0.1491,707,212.2,48767,350.74,-1.4984,-1.4413,300.51,-0.0438,0.1500,0,NaN,0,24.9
FIT,main10v2,300,0,10,21200097,win,2336,-1.3672,-18.9365,5.3472,-1.7491,200.37,200.37,297.345,0.0129,0.1324,0.05958,0.60902,221.2249,221.2089,1.6502,0.8153,0.08039,0.57407,2.905,1,1,0.4160,NaN,NaN,207.41,205.60,179.55,0.0436115,638,158.6,48767,294.25,-1.0591,-1.1409,300.84,-0.5543,0.4534,0,NaN,0,24.8
FIT,main10v2,500,0,10,21000085,all,2912,3.3112,4.5615,-0.4877,-0.6815,505.88,505.88,502.615,0.0768,-0.1304,0.18168,-0.30844,1022.7882,1022.5302,-0.0187,0.1807,0.17906,-0.32449,6.190,1,1,0.2521,NaN,NaN,151.34,305.00,194.421,0,495,84.3,18027,569.33,0.7564,-0.3323,490.85,0.4851,0.0348,0,NaN,0,22.8
FIT,main10v2,500,0,10,21000085,win,869,-2.6704,-1.7725,-0.5197,-0.9880,505.88,505.88,504.633,0.0585,-0.3520,0.13783,-0.82893,-774.2008,-774.3357,-0.3365,0.0957,0.18566,-0.86276,15.143,1,1,0.6877,NaN,NaN,150.14,49.86,182.084,0.0412666,513,107.5,18027,455.72,-0.3266,-0.9508,521.92,0.1846,-0.4772,0,NaN,0,22.0
FIT,main10v3,300,0,10,20500076,all,7734,-2.8533,-44.6966,NaN,NaN,NaN,302.48,299.235,-0.0253,0.0225,-0.11548,0.10279,10238.7232,10238.5087,-0.1510,0.3015,-0.12486,0.07714,1.389,1,1,0.2592,NaN,NaN,NaN,NaN,187.774,0.00309229,19,87.0,49638,350.74,-1.3809,-1.4410,302.48,-0.3419,-0.0869,1,10238.7232,1,87.0
FIT,main10v2,300,0,10,20500076,win,2401,-3.3428,-44.9657,2.1650,-33.4730,1185.75,511.36,301.484,0.0561,-0.0336,0.25347,-0.15159,318.1376,318.2239,0.9377,NaN,0.06097,-0.17686,NaN,0,1,NaN,NaN,NaN,5256.63,234.74,190.155,0.0313116,733,297.6,49638,304.04,-0.0788,-0.9664,302.15,-0.0874,-0.5261,0,NaN,0,21.6
FIT,main10v2,300,30,10,21101204,all,7138,36.7116,-44.9287,-116.1221,5.7473,123.37,805.40,301.052,9.0625,0.0387,40.99698,0.17502,8865.9121,8865.6217,0.2834,0.6213,41.06648,0.16117,1.342,1,1,0.3584,NaN,NaN,131.70,872.19,184.751,0,731,141.0,46759,276.44,43.2769,-0.1456,300.83,40.8238,0.0789,0,NaN,0,26.7
FIT,main10v2,300,30,10,21101204,win,2191,37.6812,-19.3352,75.5951,-0.7586,189.23,201.77,301.125,9.0674,0.1131,41.00589,0.51139,85.5037,85.4692,2.5469,NaN,41.14227,0.54317,NaN,0,1,NaN,NaN,NaN,189.58,184.80,182.282,0.00438711,730,1550.1,46759,268.32,46.2794,0.2444,299.23,41.4223,0.2843,0,NaN,0,25.0
FIT,main10v2,700,30,10,21801213,all,1406,33.8463,0.3397,34.0916,-0.1208,692.83,692.83,692.213,20.8609,-0.0444,34.07460,-0.07256,-507.7291,-507.7913,-0.0191,0.2869,33.96573,-0.05662,14.354,1,1,0.2715,NaN,NaN,156.81,192.00,198.55,0,436,890.9,9051,569.33,36.7334,-1.0529,692.55,34.0792,0.3515,0,NaN,0,25.9
FIT,main10v2,700,30,10,21801213,win,440,33.6051,0.7759,33.9369,-0.2656,692.83,692.83,690.422,20.5678,-0.3014,33.69435,-0.49370,-673.6931,-673.9795,0.1591,0.0885,33.52213,-0.50688,31.694,1,1,0.6741,NaN,NaN,158.65,28.31,196.179,0,470,823.1,9051,650.41,36.2354,-0.2910,685.42,34.7934,0.3960,1,-673.7075,0,68.9
FIT,main10v2,700,0,10,21700100,all,1411,0.0297,-0.5127,0.4888,-0.3398,668.57,668.57,694.965,0.0403,0.0651,0.06557,0.10589,-598.3248,-598.5395,-0.4140,0.1250,0.09551,0.13934,14.128,1,1,0.3782,NaN,NaN,159.59,114.85,175.176,0.0379974,528,137.8,8777,700.27,0.6238,-0.0898,694.52,0.0288,0.3977,0,NaN,0,21.7
FIT,main10v2,700,0,10,21700100,win,449,0.4755,0.2561,0.9294,-0.2899,668.57,668.57,645.200,0.1663,-0.2797,0.29425,-0.49482,-721.0573,-719.2260,-2.6525,1.1708,0.35191,0.25182,46.169,1,1,0.9136,152.80,15.580,155.61,9.72,133.769,0.0829946,616,273.8,8777,700.27,1.1392,-0.1235,646.00,-0.4865,-0.1860,0,NaN,0,21.3
FIT,main10v2,1000,0,10,21500085,all,631,-0.2594,0.4755,-0.3082,0.0526,1059.08,1059.08,997.262,-0.3921,0.2077,-0.42747,0.22646,-760.0676,-759.9821,0.2707,0.0043,-0.46012,0.25840,41.815,1,1,0.2834,NaN,NaN,161.19,63.43,163.466,0,515,81.7,4049,1296.66,0.3986,-0.0656,1034.05,-0.3352,-0.0280,0,NaN,0,20.8
FIT,main10v2,1000,0,10,21500085,win,198,0.2675,1.5625,0.1840,1.0479,1059.08,1059.08,908.976,0.0460,1.4537,0.05550,1.75357,-467.2193,-465.3008,0.2502,0.4288,-0.04778,1.63829,125.253,1,1,2.1838,155.07,19.043,155.78,15.46,139.835,0,539,165.7,4049,827.07,0.4716,1.6683,1056.19,0.7221,1.9188,0,NaN,0,17.7
FIT,main10v2,1000,0,10,21900097,all,627,0.1849,0.6284,0.1848,0.6280,1008.08,1008.08,1021.603,-0.3630,0.1511,-0.38553,0.16042,-769.9593,-770.1097,0.3726,0.1851,-0.34241,0.19950,51.388,1,1,0.3167,NaN,NaN,169.04,57.49,161.896,0.0346954,499,849.0,3918,1296.66,0.3997,0.6670,1008.60,0.0270,0.4843,0,NaN,0,24.4
FIT,main10v3,1000,0,10,21900097,win,201,0.4491,1.2417,NaN,NaN,NaN,1067.70,1032.486,-0.5663,-0.8007,-0.59455,-0.84060,-484.3719,-484.0097,0.0332,0.0532,-0.42924,-0.43088,145.762,1,1,1.0559,NaN,NaN,NaN,NaN,154.964,0.0333795,19,106.8,3918,909.40,0.3925,0.2698,1067.70,0.2532,0.6807,1,-484.3719,1,106.8
FIT,main10v2,700,0,10,21200085,all,1437,-0.3057,-0.0594,0.5872,-0.0957,693.92,693.92,699.827,0.0882,-0.0575,0.14237,-0.09278,-569.1503,-568.9413,0.0446,0.0002,0.15727,-0.05238,13.705,1,1,0.4049,NaN,NaN,158.69,96.92,185.195,0,506,97.3,8637,827.07,0.0346,-0.2486,697.81,0.0383,-0.2994,0,NaN,0,22.6
FIT,main10v2,700,0,10,21200085,win,433,-1.6644,0.1729,0.0405,-0.1737,797.76,797.76,698.055,-0.1536,-0.1910,-0.24860,-0.30901,-702.5351,-701.7088,0.1759,0.0013,0.02068,-0.27093,54.199,1,1,1.1670,152.69,20.656,154.41,22.00,162.988,0.0484053,611,166.4,8637,535.93,-2.0337,-1.1406,825.38,-1.7454,-0.3042,1,-703.0751,0,92.0
FIT,main10v2,300,30,10,21301210,all,7326,42.7738,-44.9613,6.1360,8.0768,121.21,194.79,301.675,9.0509,-0.0078,40.82951,-0.03503,9210.1948,9209.9286,0.9302,1.5072,40.98281,-0.03111,1.374,1,1,0.6559,NaN,NaN,195.44,941.73,187.64,0.108794,656,1176.6,48809,276.44,43.2336,-0.4465,299.60,40.9707,0.2960,0,NaN,0,25.6
FIT,main10v2,300,30,10,21301210,win,2260,42.7369,-45.2192,58.5959,-2.1372,172.31,612.50,304.567,9.1037,0.1004,40.53889,0.44722,134.0312,133.6924,3.0699,3.7655,40.82218,0.41691,2.403,1,1,0.6242,NaN,NaN,173.33,193.58,186.145,0.0833389,591,551.0,48809,285.07,41.9015,0.2420,301.05,40.9707,0.2576,0,NaN,0,24.1
FIT,main10v2,1000,0,10,21000070,all,693,0.8619,1.6412,0.2562,0.6572,1131.29,1131.29,1066.958,0.2867,0.9879,0.29054,1.00100,-784.7243,-784.5428,2.0225,1.9459,0.26014,1.00127,51.493,1,1,0.2879,NaN,NaN,169.01,53.23,191.506,0.051277,431,1088.9,4477,909.40,0.8174,1.0370,1050.23,0.4585,0.8037,0,NaN,0,22.9
FIT,main10v3,1000,0,10,21000070,win,203,1.6278,3.6855,NaN,NaN,NaN,1520.93,1441.668,-0.0432,1.5859,-0.03170,1.16470,-489.5198,-489.5170,-1.1716,NaN,1.28002,2.60635,NaN,0,1,NaN,NaN,NaN,NaN,NaN,269.199,0.056702,37,218.6,4477,1810.70,0.0000,1.0680,1520.93,-0.0428,1.0132,1,-489.5198,1,218.6
FIT,main10v2,500,0,10,20900082,all,3000,-2.8533,5.0433,-0.1841,-0.7292,469.15,469.15,506.752,0.0920,-0.0086,0.21564,-0.02016,1149.2511,1149.0523,2.2949,1.2920,0.20695,-0.02198,6.036,1,1,0.5257,NaN,NaN,152.79,276.62,203.946,0,475,81.6,17547,569.33,0.8979,-0.1547,509.84,0.2857,0.2661,0,NaN,0,23.7
FIT,main10v2,500,0,10,20900082,win,915,-0.2114,-1.1889,0.6262,-0.6702,508.44,508.44,500.776,0.2783,-0.1638,0.66143,-0.38916,-757.1512,-757.2406,0.2262,0.0039,0.62881,-0.34766,12.521,1,1,0.6064,NaN,NaN,150.73,36.21,197.499,0,523,112.1,17547,569.33,1.1413,-0.3272,505.60,0.2858,0.4852,0,NaN,0,22.7
FIT,main10v2,1000,30,10,21901207,all,655,32.9611,0.7133,32.7405,0.4977,1083.81,1083.81,1031.663,30.8098,0.1630,32.37467,0.17124,-730.9448,-730.7365,0.8260,0.4923,32.50675,0.12353,46.678,1,1,0.3679,NaN,NaN,171.51,102.65,207.975,0,514,207.8,4200,1135.48,32.8678,-0.0349,1004.45,32.7488,0.0913,0,NaN,0,23.8
FIT,main10v2,1000,30,10,21901207,win,211,33.2880,-0.3567,35.6422,-1.0413,891.78,891.78,1032.403,31.2434,-0.6783,32.80482,-0.71220,-467.8036,-467.0305,-0.2454,0.0789,32.92692,-0.62858,119.431,1,1,0.7399,197.17,29.015,178.95,19.93,213.371,0,613,738.1,4200,909.40,35.4977,-0.7795,948.67,33.4013,-0.4439,0,NaN,0,23.0
FIT,main10v2,300,0,10,20700082,all,7883,-2.7790,-44.9421,-2.9912,-45.4808,936.11,243.49,301.530,-0.0160,0.0023,-0.07231,0.01060,10517.0136,10516.9882,1.6288,1.2134,-0.07167,0.02108,1.398,1,1,0.4039,NaN,NaN,115.50,1154.17,189.303,0.22766,594,89.0,50972,350.74,-1.1863,-1.3589,301.07,-0.1207,0.0800,0,NaN,0,23.8
FIT,main10v2,300,0,10,20700082,win,2455,-2.3203,-45.0511,3.5181,-55.5868,792.39,613.33,300.868,0.0427,0.1143,0.19354,0.51730,320.2407,320.5667,0.5255,0.0629,0.16632,0.49869,3.475,1,1,0.2449,NaN,NaN,137.53,125.13,180.387,0.222354,669,88.9,50972,268.32,0.3867,0.8276,300.46,0.1002,1.0586,0,NaN,0,22.7
FIT,main10v2,700,30,10,21401201,all,1402,34.0789,-0.9732,33.8910,-0.3167,714.66,714.66,694.485,21.0351,-0.1333,34.23201,-0.21690,-516.7906,-516.3212,0.4193,0.1226,34.17940,-0.21754,15.608,1,1,0.3628,NaN,NaN,153.06,176.23,199.467,0,486,417.7,9270,569.33,36.9975,-1.3459,653.92,34.9972,0.1879,0,NaN,0,25.8
FIT,main10v3,700,30,10,21401201,win,447,34.1843,-1.5158,NaN,NaN,NaN,672.17,720.057,21.7302,-0.3760,33.95043,-0.58741,-694.3491,-694.4395,-0.0230,0.2419,34.14885,-0.53582,42.100,1,1,0.3864,NaN,NaN,NaN,NaN,206.035,0.026541,19,108.5,9270,607.18,36.8549,-1.0888,672.17,36.0505,-0.0774,1,-694.3491,1,108.5
FIT,main10v2,500,30,10,21301204,all,2651,37.5679,4.6734,37.3115,-0.9141,473.00,473.00,499.746,15.0383,0.0118,35.82710,0.02818,736.6725,737.0096,-0.0294,0.0017,35.82498,0.04418,6.162,1,1,0.3641,NaN,NaN,147.41,354.04,194.148,0,488,417.4,17984,455.72,37.4787,-0.8973,503.70,35.7359,0.1195,0,NaN,0,23.5
FIT,main10v3,500,30,10,21301204,win,810,34.8660,-1.7965,NaN,NaN,NaN,471.95,497.263,15.1786,-0.0556,36.37656,-0.13320,-739.2788,-739.6201,0.0236,0.0465,36.28380,-0.20239,12.611,1,1,0.2429,NaN,NaN,NaN,NaN,186.948,0,19,85.9,17984,479.65,38.0711,-0.8816,471.95,37.6421,-0.6053,1,-739.2788,1,85.9
FIT,main10v2,500,0,10,21600103,all,2918,-3.1121,-4.7026,-0.5912,-1.1550,454.82,454.82,491.814,-0.1003,-0.0656,-0.24364,-0.15918,992.7435,992.7641,2.9831,1.9785,-0.23595,-0.16334,5.706,1,1,0.2423,NaN,NaN,149.15,299.75,183.926,0.0520973,526,628.7,18163,569.33,0.4221,-0.0615,484.89,-0.1573,-0.1226,0,NaN,0,24.4
FIT,main10v2,500,0,10,21600103,win,880,-3.1080,5.5707,-0.6329,-1.0852,454.82,454.82,492.877,-0.0760,-0.0148,-0.18413,-0.03592,-777.5278,-776.7069,0.1051,0.3846,-0.18840,-0.03474,11.291,1,1,0.6678,NaN,NaN,155.50,60.88,180.136,0.0229847,461,366.2,18163,455.72,-0.6327,-1.0848,485.32,-0.2935,-0.5138,0,NaN,0,20.2
FIT,main10v3,300,30,10,20901198,all,7384,37.1309,-45.2091,NaN,NaN,NaN,297.22,299.380,9.0037,-0.0023,41.04179,-0.01055,9317.1699,9316.8041,0.6162,0.2180,41.04378,-0.02606,1.325,1,1,0.5674,NaN,NaN,NaN,NaN,184.099,0.20728,19,90.5,49001,276.44,43.1818,-0.2914,297.22,41.0748,-0.0496,1,9317.1699,1,90.5
FIT,main10v3,300,30,10,20901198,win,2257,36.7987,-51.2389,NaN,NaN,NaN,294.04,294.891,8.8653,-0.1231,41.25513,-0.57287,106.2415,105.7463,1.5075,3.3329,40.99529,-0.61713,2.734,1,1,1.0446,NaN,NaN,NaN,NaN,166.938,0.181849,19,138.3,49001,268.32,46.1282,0.1442,294.04,41.4209,-0.6222,1,106.2415,1,138.3
FIT,main10v2,500,0,10,21300094,all,2802,-2.8081,-4.2403,-0.2741,-0.8183,460.83,460.83,504.080,-0.0023,-0.0159,-0.00546,-0.03754,843.0249,842.7961,0.5793,0.3701,0.00804,-0.05565,6.773,1,1,0.2972,NaN,NaN,150.72,276.57,183.778,0.0784344,636,1172.7,17167,569.33,0.7105,-0.0614,509.95,-0.1059,0.2220,0,NaN,0,23.5
FIT,main10v2,500,0,10,21300094,win,838,-2.6630,-4.4384,0.0098,-0.8488,460.83,460.83,485.884,0.0682,-0.2505,0.16797,-0.61706,-773.8597,-774.3968,0.0563,0.9180,0.20364,-0.38798,14.238,1,1,0.6472,NaN,NaN,158.89,62.18,162.945,0.0406072,552,1322.7,17167,569.33,0.4592,-0.1175,498.76,0.8139,-0.1353,0,NaN,0,20.1
FIT,main10v2,500,30,10,21601213,all,2602,37.9406,5.0469,38.2735,-0.9573,466.60,466.60,504.782,15.2947,0.0383,36.00603,0.09019,578.9564,579.1777,0.8289,0.5683,36.11300,0.09369,6.416,1,1,0.4831,NaN,NaN,148.00,300.76,189.957,0.074163,532,208.7,17398,479.65,37.5430,-1.0206,498.45,36.2580,0.1622,0,NaN,0,23.9
FIT,main10v2,500,30,10,21601213,win,806,38.3605,4.6101,38.6642,-1.2730,466.60,466.60,491.820,15.0385,-0.3047,36.51725,-0.73999,-779.8329,-779.5752,-0.8280,0.3111,36.37945,-0.82018,14.380,1,1,0.6413,NaN,NaN,147.07,53.92,172.103,0.0462521,503,796.7,17398,535.93,36.6897,-1.1274,497.10,36.3932,-0.8180,0,NaN,0,21.0
FIT,main10v2,300,0,10,20600079,all,7694,-2.3862,-44.9791,-4.1319,-45.6625,799.59,243.86,300.033,-0.0008,-0.0120,-0.00386,-0.05467,10222.4449,10221.8815,0.1691,0.0005,-0.00280,-0.06046,1.431,1,1,0.3461,NaN,NaN,744.04,1268.27,187.749,0,548,92.0,49679,350.74,-1.3113,-1.3996,300.87,-0.3823,-0.2015,0,NaN,0,27.1
FIT,main10v3,300,0,10,20600079,win,2390,-1.6104,-45.0513,NaN,NaN,NaN,311.96,302.382,-0.0165,-0.0486,-0.07438,-0.21877,299.5133,300.2357,0.9928,0.6376,-0.07623,-0.22891,3.016,1,1,0.3501,NaN,NaN,NaN,NaN,189.971,0.0392077,19,85.5,49679,294.25,-1.1892,-1.4142,311.96,-0.3282,-0.4002,1,299.5133,1,85.5
FIT,main10v2,1000,30,10,22001210,all,658,32.8125,-0.1555,32.9712,-0.4103,882.64,882.64,955.273,28.2665,-0.0711,32.29449,-0.08118,-709.7582,-709.8266,1.3952,1.0494,32.17568,-0.05042,41.539,1,1,0.2954,NaN,NaN,164.68,121.99,178.309,0,475,184.6,4413,827.07,33.2339,-0.3701,919.51,32.6136,-0.1801,0,NaN,0,24.0
FIT,main10v2,1000,30,10,22001210,win,209,33.4069,-0.6076,32.5077,-0.8247,882.64,882.64,909.573,27.0726,-0.4616,32.63442,-0.55647,-465.5311,-466.3697,-1.6416,0.7888,32.51805,-0.63015,91.806,1,1,0.8890,NaN,NaN,162.39,27.02,163.357,0,504,159.6,4413,1135.48,32.8908,-0.5360,963.44,32.8018,-0.6877,0,NaN,0,21.5
FIT,main10v2,500,30,10,20801189,all,2552,35.8387,-2.1785,37.2402,-0.9592,484.14,484.14,499.772,14.9493,-0.0226,35.61282,-0.05396,555.5355,555.7911,0.0652,0.0013,35.60210,-0.06479,6.348,1,1,0.3714,NaN,NaN,149.73,287.75,186.404,0,550,106.7,17647,479.65,37.3072,-0.9609,496.97,35.9659,0.0160,0,NaN,0,24.1
FIT,main10v2,500,30,10,20801189,win,789,38.1471,4.5516,38.7465,-0.1996,449.00,449.00,494.321,14.9439,0.0225,36.06834,0.05424,-765.6564,-764.5044,-0.1963,0.1317,35.89213,0.07486,15.435,1,1,1.0250,NaN,NaN,153.49,42.54,175.232,0.0220008,511,179.1,17647,479.65,37.8227,-0.8730,498.12,36.7954,-0.0629,0,NaN,0,22.7
FIT,main10v2,1000,0,10,21100073,all,756,-0.4146,0.4390,-0.3976,0.3703,1116.01,1116.01,1018.072,-0.4411,-0.0116,-0.47018,-0.01238,-793.2009,-793.1996,0.0396,0.1387,-0.53844,0.01457,49.469,1,1,0.4693,NaN,NaN,165.49,66.78,182.39,0.088662,485,328.0,4423,827.07,-0.0624,-0.3743,1037.04,-0.5841,0.4309,0,NaN,0,21.7
FIT,main10v2,1000,0,10,21100073,win,229,-0.1513,1.0105,0.0337,0.2020,1116.01,1116.01,1003.790,-0.6766,0.1134,-0.73244,0.12276,-524.2051,-523.7943,-0.0876,0.0010,-0.69428,-0.07363,123.466,1,1,0.6566,168.48,10.595,163.62,11.09,146.697,0.0652611,600,933.1,4423,758.40,0.0091,0.2096,1005.39,-0.5402,0.4894,0,NaN,0,18.7
FIT,main10v2,300,30,10,20501186,all,7536,42.3414,-45.0280,38.3106,-1.3668,646.36,646.36,298.026,8.9450,-0.0323,41.02724,-0.14837,9733.6001,9733.1766,2.0719,2.2359,40.92774,-0.15735,1.308,1,1,0.2995,NaN,NaN,119.80,1108.08,189.558,0.0614864,503,210.3,49685,276.44,43.1631,-0.3469,298.58,40.8121,-0.3091,0,NaN,0,26.1
FIT,main10v2,300,30,10,20501186,win,2352,42.6892,-10.4717,43.5037,-0.3126,277.44,234.35,303.399,9.1125,-0.0133,40.79018,-0.05955,256.5271,256.2707,0.4825,1.3294,41.01812,-0.05989,2.994,1,1,0.3688,303.13,0.018,304.02,0.07,195.589,0.0407002,638,1478.3,49685,276.44,43.5395,-0.3129,304.07,40.8452,-0.5489,0,NaN,0,23.6
FIT,main10v2,500,0,10,20700076,all,2903,-2.2780,4.9044,-0.5790,-0.9901,473.45,473.45,502.744,-0.0658,-0.0235,-0.15567,-0.05560,1030.6276,1030.5462,0.4676,0.1696,-0.15866,-0.01688,6.707,1,1,0.2057,NaN,NaN,149.75,323.37,194.332,0,531,1048.9,17951,607.18,0.3786,-0.1112,507.72,0.0785,-0.0859,0,NaN,0,23.7
FIT,main10v2,500,0,10,20700076,win,893,-2.8533,4.4566,-0.1755,-1.0531,473.45,473.45,489.949,0.0598,-0.2658,0.14577,-0.64849,-761.0756,-761.5620,0.6949,0.4768,0.22758,-0.70443,14.208,1,1,0.5760,NaN,NaN,155.17,46.80,184.511,0,504,1351.3,17951,455.72,-0.3648,-1.1203,499.22,-0.1388,-0.8195,0,NaN,0,22.6
FIT,main10v2,1000,0,10,21300079,all,746,0.2753,1.2653,0.1039,-0.3804,893.70,893.70,953.631,0.3048,-0.0374,0.34892,-0.04283,-797.5695,-797.2122,2.2452,0.8262,0.38692,0.06664,48.441,1,1,0.5106,NaN,NaN,161.58,57.29,161.452,0.0689633,535,103.5,4302,909.40,0.3505,-0.3535,891.30,-0.0398,0.0412,0,NaN,0,22.7
FIT,main10v2,1000,0,10,21300079,win,252,0.3736,1.0375,0.1181,1.4597,1086.74,1086.74,937.530,-0.7425,-0.5373,-0.86584,-0.62654,-549.4882,-549.9002,-0.8817,0.2421,-0.58983,-0.58559,118.338,1,1,0.6818,161.35,12.794,162.87,8.64,150.491,0.0569767,561,190.1,4302,650.41,-1.9019,-2.1128,889.35,-1.8568,-2.2286,1,-550.6239,0,154.8
FIT,main10v2,700,30,10,21101192,all,1240,35.0053,-0.2253,37.1316,-0.4081,645.22,645.22,687.927,20.8598,0.0051,34.31295,0.00839,-661.0884,-661.1887,0.9428,0.5369,34.17092,0.00809,16.157,1,1,0.3347,NaN,NaN,155.91,124.48,164.832,0.0671044,486,77.3,8302,758.40,36.3509,-0.1148,690.58,34.2443,0.2978,0,NaN,0,26.8
FIT,main10v2,700,30,10,21101192,win,386,35.4874,-0.5416,36.6160,-0.7982,732.08,732.08,687.574,20.9469,-0.2863,34.47633,-0.47125,-658.0716,-657.8266,-0.2670,0.0908,34.37401,-0.49680,40.421,1,1,0.5968,NaN,NaN,166.31,26.80,157.009,0.0365301,555,103.1,8302,650.41,37.3833,-0.4989,732.08,35.1811,0.1732,0,NaN,0,22.3
FIT,main10v2,700,0,10,21600097,all,1376,-0.0608,-0.9349,0.1606,-0.2326,673.47,673.47,693.142,-0.1790,-0.1539,-0.29197,-0.25099,-616.0509,-616.3556,0.0849,0.2515,-0.25368,-0.26199,13.525,1,1,0.1760,NaN,NaN,159.56,109.18,167.075,0.0603258,480,125.0,8498,650.41,0.2348,-0.3131,689.47,-0.3786,0.0466,0,NaN,0,23.7
FIT,main10v2,700,0,10,21600097,win,433,-0.8322,-1.7833,-0.0740,-0.3149,673.47,673.47,673.718,-0.7279,-0.3062,-1.22602,-0.51567,-700.6236,-699.4813,0.4872,0.4127,-0.93120,-0.39894,39.177,1,1,1.1843,153.73,33.835,159.28,20.70,157.392,0.0334663,583,335.5,8498,535.93,-2.5346,-1.7304,669.24,-2.0064,-2.0365,1,-701.2013,0,91.9
FIT,main10v2,500,30,10,21401207,all,2363,35.0637,4.8280,36.6298,-0.5881,559.09,559.09,512.727,15.6314,-0.0928,36.12312,-0.21456,311.2281,311.0741,2.6698,2.8498,36.44643,-0.19464,7.767,1,1,0.1628,NaN,NaN,153.09,258.14,181.062,0.0226741,550,190.2,16502,455.72,38.7946,-1.2178,511.25,36.6559,0.2165,0,NaN,0,27.9
FIT,main10v2,500,30,10,21401207,win,698,35.1902,5.1872,37.5339,-0.8226,559.09,559.09,507.391,15.7831,-0.3185,36.92901,-0.74511,-770.4987,-770.0707,0.6144,0.1659,37.07339,-0.77756,18.468,1,1,0.8274,NaN,NaN,157.18,44.19,166.429,0.00593626,512,158.5,16502,535.93,37.2923,-0.8816,517.29,36.8836,-0.4333,0,NaN,0,21.2
FIT,main10v2,300,0,10,21000091,all,7779,-2.6901,-44.9366,-0.0913,-51.3107,1106.15,248.83,298.755,-0.0140,0.0158,-0.06415,0.07244,10316.7256,10316.8673,1.5485,0.9260,-0.08443,0.05744,1.287,1,1,0.2827,NaN,NaN,115.31,1180.58,186.757,0.0692951,528,380.3,49343,294.25,-0.9159,-1.3151,300.13,-0.1547,0.0826,0,NaN,0,24.6
FIT,main10v2,300,0,10,21000091,win,2370,-2.9370,-44.8079,-5.6273,-1.3112,601.62,183.16,297.951,-0.0716,0.0196,-0.32871,0.08979,267.8002,267.9186,1.6154,0.5808,-0.33708,0.08815,2.664,1,1,0.2356,297.80,0.032,303.78,0.14,179.023,0.099224,695,608.8,49343,294.25,-1.0858,-1.3519,301.64,-0.2529,-0.5379,0,NaN,0,20.7
FIT,main10v2,700,0,10,21400091,all,1546,-0.9889,-0.3022,-0.1143,-0.6142,683.52,683.52,716.168,-0.2012,-0.3621,-0.31624,-0.56911,-509.9682,-510.2646,0.8773,1.3949,-0.36760,-0.55156,14.047,1,1,0.5188,NaN,NaN,158.28,126.63,197.013,0.0909193,496,134.0,9622,650.41,0.0532,-0.7788,712.32,-0.1192,-0.4632,0,NaN,0,21.3
FIT,main10v2,700,0,10,21400091,win,458,-1.1889,0.0340,-0.3350,-0.6395,783.59,783.59,705.418,-0.2449,0.1707,-0.39150,0.27288,-730.4898,-729.1012,-0.0189,0.0080,-0.16558,0.28530,61.063,1,1,1.2454,173.57,20.282,173.03,16.43,152.947,0.112433,645,374.0,9622,650.41,0.9561,-0.9608,685.49,-0.0016,-0.5897,0,NaN,0,17.7
FIT,main10v2,700,30,10,20901186,all,1330,33.4862,-0.1123,36.8872,-0.4044,654.33,654.33,658.616,19.8663,-0.0856,34.33419,-0.14801,-581.9755,-581.6023,7.8928,7.1711,33.78832,-0.01062,14.423,1,1,0.4465,NaN,NaN,150.05,148.43,169.63,0,577,662.7,9274,569.33,36.8880,-1.0020,669.19,34.2305,-0.0903,0,NaN,0,26.4
FIT,main10v2,700,30,10,20901186,win,414,34.0014,0.8322,36.8457,-0.4985,654.33,654.33,606.809,18.9925,-0.1336,36.05194,-0.25361,-678.9926,-677.3158,4.4935,3.6984,34.39648,0.38553,41.175,1,1,0.9810,NaN,NaN,152.57,26.61,131.528,0.0392736,515,454.9,9274,455.72,40.1913,-1.3709,517.92,39.5028,-1.1054,1,-680.0360,0,88.3
FIT,main10v2,500,30,10,20701186,all,2694,30.1329,4.8394,33.7640,0.9952,650.32,650.32,491.467,14.8052,0.0274,35.98148,0.06652,711.0710,711.3407,2.2033,1.7981,35.80765,0.11834,6.234,1,1,0.6328,NaN,NaN,151.85,322.95,186.909,0.058142,488,262.7,18132,479.65,37.1364,-0.9566,491.22,36.0308,-0.0710,0,NaN,0,24.4
FIT,main10v2,500,30,10,20701186,win,838,30.3323,4.6393,33.4378,4.6970,738.86,738.86,479.010,14.5934,-0.2910,36.57410,-0.72942,-772.1394,-771.3093,0.0334,1.9311,35.91602,-0.51357,14.349,1,1,0.9992,483.55,0.230,515.40,1.01,177.574,0.00536659,700,1996.3,18132,455.72,39.3395,-1.2749,442.95,39.3287,-1.2716,1,-773.1115,0,85.7
FIT,main10v2,300,30,10,21201207,all,7204,36.8963,-45.0619,47.9266,0.5018,250.36,250.36,301.178,9.0629,-0.0166,40.97555,-0.07513,8965.7823,8965.5073,0.9818,0.7534,41.10549,-0.07848,1.364,1,1,0.4923,NaN,NaN,129.24,911.64,183.996,0.105742,663,156.9,48469,276.44,43.3364,-0.2633,300.82,40.7729,-0.1163,0,NaN,0,26.1
FIT,main10v3,300,30,10,21201207,win,2220,36.7400,-44.8285,NaN,NaN,NaN,300.66,296.273,8.9667,0.0177,41.46007,0.08190,58.3037,57.6085,0.7917,1.5033,41.21984,0.04393,2.988,1,1,0.3301,NaN,NaN,NaN,NaN,162.136,0.233528,19,78.0,48469,276.44,43.7253,-0.2070,300.66,41.1278,-0.3313,1,58.3037,1,78.0
FIT,main10v2,1000,0,10,22100103,all,703,0.4904,0.5256,0.4911,0.5263,984.53,984.53,944.845,0.0735,0.0969,0.08497,0.11199,-785.1553,-785.2816,1.4684,1.0715,0.10778,0.12611,50.089,1,1,0.4759,NaN,NaN,158.98,44.09,155.113,0.0390259,491,499.9,4254,827.07,-0.0332,-0.7074,954.25,0.5296,-0.2051,0,NaN,0,18.3
FIT,main10v2,1000,0,10,22100103,win,208,1.4266,0.2038,1.6378,-0.2730,1229.56,1229.56,1087.467,0.5816,-0.8422,0.57725,-0.83600,-493.6410,-492.8312,1.2366,0.2083,0.33667,0.21738,209.860,1,1,0.7686,162.34,5.083,165.42,1.43,178.421,0.033233,626,637.2,4254,1810.70,0.8296,-0.9154,1268.46,1.3668,-1.0225,0,NaN,0,17.1
FIT,main10v2,300,30,10,20601189,all,7008,42.1649,-45.0622,39.9746,-48.8860,641.89,246.07,299.998,9.0336,-0.0645,41.06216,-0.29311,8525.1073,8524.6769,0.0139,0.0000,41.06647,-0.29515,1.223,1,1,0.2665,NaN,NaN,131.71,857.08,177.354,0.109663,567,102.2,47237,276.44,43.2592,-0.4701,299.58,41.0818,-0.2587,0,NaN,0,22.0
FIT,main10v2,300,30,10,20601189,win,2216,9.4733,-32.5241,1.0313,10.1062,110.63,252.84,294.602,8.9196,-0.1093,41.56320,-0.50925,80.6867,81.6655,4.7887,3.3216,41.24354,-0.49461,2.889,1,1,0.5935,NaN,NaN,111.43,208.14,166.499,0.138879,476,163.2,47237,268.32,46.3544,-0.1973,293.47,41.9385,-0.4907,0,NaN,0,22.8
FIT,main10v2,1000,30,10,21101183,all,674,32.3832,0.3736,32.4615,0.3745,973.17,973.17,967.218,28.6636,-0.2703,32.30729,-0.30465,-721.6578,-721.5988,0.3316,0.5915,32.18431,-0.25365,41.106,1,1,0.4258,NaN,NaN,164.98,113.15,187.167,0,514,192.7,4682,827.07,33.0811,-0.4502,971.05,32.6022,-0.1732,0,NaN,0,22.6
FIT,main10v2,1000,30,10,21101183,win,220,32.2841,0.6142,32.3622,0.6157,973.17,973.17,872.305,26.8874,-1.2077,33.93571,-1.52433,-494.9199,-493.2058,2.5588,1.4483,32.90393,-1.32281,91.379,1,1,1.1762,172.96,21.738,173.99,16.63,158.958,0,551,316.2,4682,650.41,37.1754,-1.4966,717.14,36.8823,-1.0935,1,-496.0713,0,80.8
FIT,main10v2,1000,30,10,21001180,all,631,34.7007,0.4251,34.7467,0.4257,984.50,984.50,999.308,30.3092,0.0324,32.96960,0.03520,-743.0229,-742.7474,0.0722,0.0002,32.98576,-0.03661,53.321,1,1,0.5333,NaN,NaN,164.82,79.92,184.808,0.0119737,496,283.3,4294,1135.48,33.6032,-0.0784,1021.35,32.8390,-0.1580,0,NaN,0,19.4
FIT,main10v2,1000,30,10,21001180,win,206,33.0503,-0.1189,33.0941,-0.1190,984.50,984.50,1058.489,31.7473,-0.0038,32.44526,-0.00386,-479.2935,-476.7558,1.4002,0.1546,32.13247,-0.47024,158.232,1,1,1.6515,183.47,21.690,183.14,23.23,207.01,0.0128572,612,2820.4,4294,1810.70,32.1550,-0.9258,1046.41,32.3570,-0.6438,0,NaN,0,16.5
FIT,main10v2,1000,30,10,21401192,all,650,34.4769,0.4847,33.4627,-0.6652,795.64,795.64,984.285,29.2809,-0.2555,32.38021,-0.28254,-754.1716,-754.7559,-0.3202,0.0789,32.33945,-0.30558,54.984,1,1,0.3534,NaN,NaN,158.60,73.19,181.969,0.019586,539,128.1,4138,1135.48,33.0480,0.3408,987.89,32.6422,0.1524,0,NaN,0,23.7
FIT,main10v2,1000,30,10,21401192,win,199,34.7444,1.4699,36.2963,-0.6601,795.64,795.64,903.213,27.5440,-1.0705,33.45913,-1.30041,-469.7355,-468.1324,-0.6690,0.4575,32.88654,-0.87626,128.041,1,1,1.3866,111.26,28.150,111.16,18.31,148.152,0.00827363,647,357.3,4138,162.99,-85.4144,4.6899,1625.60,-84.3769,3.6195,1,-486.7591,0,97.3
FIT,main10v2,700,30,10,21201195,all,1263,35.1385,1.2302,36.4908,0.1449,726.16,726.16,715.156,21.5864,0.3498,33.98592,0.55073,-599.5652,-599.4226,1.0476,0.8122,34.08797,0.51959,17.228,1,1,0.2642,NaN,NaN,155.82,154.65,191.38,0,640,85.7,8510,650.41,37.0078,-0.0722,709.74,34.1298,0.7798,0,NaN,0,22.0
FIT,main10v2,700,30,10,21201195,win,425,34.6807,4.5217,36.4936,-0.0819,726.16,726.16,686.636,20.6174,0.1122,33.98649,0.18500,-657.4627,-657.5290,0.2252,0.1369,33.89397,0.23813,35.346,1,1,0.6518,NaN,NaN,154.44,39.37,188.3,0,503,97.8,8510,535.93,36.3553,-1.3580,634.19,35.1330,-0.7730,1,-657.8108,0,79.8
FIT,main10v2,300,0,10,21400103,all,7878,-2.7644,-44.9020,58.5392,-59.5028,869.71,247.24,295.629,0.0170,0.0348,0.07889,0.16123,10602.0512,10602.1432,11.3166,12.1281,0.06076,0.12385,1.230,1,1,0.2296,295.60,0.031,297.66,0.14,186.527,0,683,197.0,49259,294.25,-0.8806,-1.3242,298.40,-0.2435,0.0970,0,NaN,0,20.3
FIT,main10v3,300,0,10,21400103,win,2379,-2.8738,-45.0696,NaN,NaN,NaN,298.82,296.234,-0.0365,0.0426,-0.16888,0.19678,335.3197,336.4535,3.6907,1.5597,-0.10715,0.18977,2.964,1,1,0.3425,NaN,NaN,NaN,NaN,184.503,0,19,73.7,49259,294.25,-0.9378,-1.2068,298.82,-0.2883,0.8195,1,335.3197,1,73.7
FIT,main10v2,300,30,10,20301180,all,7335,42.8763,-10.2648,43.2073,-0.2282,278.54,278.54,299.695,9.0019,-0.0066,40.97470,-0.03018,9322.7467,9322.3707,0.1600,0.0622,40.94842,-0.04106,1.223,1,1,0.2477,NaN,NaN,135.50,760.93,187.965,0,607,285.4,49042,276.44,43.2368,-0.1602,299.38,40.8364,-0.0321,0,NaN,0,23.4
FIT,main10v2,300,30,10,20301180,win,2244,38.2498,-51.9639,39.3830,5.0591,586.78,586.78,298.701,8.9680,-0.0644,41.00586,-0.29456,129.6149,129.3180,0.4802,0.2226,41.00799,-0.31424,2.737,1,1,1.4456,NaN,NaN,186.27,180.70,177.053,0.0897517,558,491.7,49042,268.32,45.8803,0.1752,299.57,40.9837,-0.3484,0,NaN,0,22.0
FIT,main10v2,700,0,10,21800103,all,1482,-0.3567,-0.4957,0.1468,-0.1935,756.86,756.86,710.814,0.0386,0.0134,0.06112,0.02119,-537.3392,-537.1344,1.0084,0.6339,0.09614,0.00952,13.819,1,1,0.4634,NaN,NaN,158.45,119.54,197.018,0,450,1054.0,8738,700.27,0.6092,-0.0075,694.70,0.1025,-0.2418,0,NaN,0,19.7
FIT,main10v2,700,0,10,21800103,win,457,2.0380,-1.0350,2.0286,1.0225,663.75,663.75,743.527,0.6549,0.4642,0.98693,0.69967,-703.3453,-703.5541,1.2100,1.5009,0.95683,0.46300,38.024,1,1,0.5026,NaN,NaN,158.05,32.75,217.404,0,451,1075.7,8738,758.40,1.1042,0.2445,738.24,0.9749,0.8037,0,NaN,0,17.3
FIT,main10v2,1000,30,10,21501195,all,611,34.2757,-0.2071,33.1450,-0.3191,930.53,930.53,978.795,29.2055,-0.1998,32.49411,-0.22226,-706.3577,-706.3886,-0.0898,0.1961,32.49729,-0.26753,46.780,1,1,0.4860,NaN,NaN,162.43,100.47,173.912,0,512,96.2,4238,1135.48,33.3580,-0.2976,960.33,32.2977,0.2859,0,NaN,0,20.2
FIT,main10v2,1000,30,10,21501195,win,205,35.7846,-0.9214,34.9562,-0.8163,1143.74,1143.74,979.246,30.1687,-0.7399,33.54884,-0.82278,-466.9374,-466.5889,-0.5452,0.0387,33.44501,-0.92781,103.167,1,1,0.8014,169.25,25.846,167.19,17.06,186.858,0,575,203.1,4238,165.95,39.9118,5.0106,163.69,40.0833,5.4446,1,-499.7236,0,96.1
FIT,main10v3,300,30,10,21001201,all,7520,37.0329,-44.9342,NaN,NaN,NaN,301.22,302.438,9.0284,-0.0022,40.58820,-0.00988,9654.2704,9654.2585,3.8395,3.7069,40.74727,-0.02861,1.280,1,1,0.4437,NaN,NaN,NaN,NaN,191.79,0.184566,19,79.9,50451,276.44,43.0269,-0.4537,301.22,40.7704,0.1559,1,9654.2704,1,79.9
FIT,main10v3,300,30,10,21001201,win,2367,37.3329,-44.7443,NaN,NaN,NaN,302.83,304.305,9.0711,-0.0430,40.44086,-0.19181,207.7084,207.2902,1.0271,1.6661,40.71211,-0.19363,3.400,1,1,0.4256,NaN,NaN,NaN,NaN,180.518,0.267023,19,74.7,50451,294.25,41.7692,-1.3910,302.83,41.1738,-0.4899,1,207.7084,1,74.7
FIT,main10v2,700,0,10,21500094,all,1488,0.3870,1.0903,0.3855,-0.2434,678.45,678.45,709.442,-0.0452,0.1143,-0.07174,0.18163,-542.3554,-542.4203,0.9027,0.5262,-0.04439,0.20340,13.215,1,1,0.4080,NaN,NaN,160.80,105.37,197.345,0,481,354.9,9189,700.27,0.5816,-0.0227,705.20,-0.3278,0.5646,0,NaN,0,18.5
FIT,main10v2,700,0,10,21500094,win,417,1.4564,0.6507,-0.4877,-1.4950,776.71,776.71,709.957,-0.6438,0.0840,-1.02193,0.13337,-684.6833,-680.0374,8.3947,NaN,-0.57220,0.10338,NaN,0,1,NaN,163.67,27.303,165.86,11.64,178.646,0.00640524,714,1216.7,9189,650.41,-0.0312,-0.3430,716.89,-0.2872,-0.2408,0,NaN,0,18.1
FIT,main10v2,700,0,10,20700070,all,1564,-1.1624,-0.0793,0.5646,-0.3553,637.30,637.30,678.605,-0.1153,-0.0432,-0.19255,-0.07216,-491.2545,-491.2396,1.7663,2.2987,-0.15342,0.03336,13.624,1,1,0.2581,NaN,NaN,158.93,121.18,183.688,0.0553954,473,164.9,9367,650.41,0.5629,-0.3543,668.49,0.0112,0.1074,0,NaN,0,20.3
FIT,main10v2,700,0,10,20700070,win,497,-0.7303,-0.2774,-0.1787,-0.8130,637.30,637.30,682.177,-0.3132,-0.7420,-0.52017,-1.23223,-719.2464,-718.4545,1.2123,0.3597,-0.47123,-1.03441,28.861,1,1,0.5288,156.86,37.110,161.99,23.20,193.891,0.0138094,647,309.7,9367,650.41,-0.1782,-0.8106,656.72,-0.9980,-1.3287,0,NaN,0,19.3
FIT,main10v2,700,30,10,21701210,all,1302,34.8854,0.2561,36.7074,-0.1003,698.14,698.14,695.379,20.9116,0.2124,33.98159,0.34510,-626.8538,-626.3763,0.7943,0.0852,33.95045,0.35308,15.709,1,1,0.4338,NaN,NaN,155.38,129.83,182.705,0.0249965,552,197.6,9049,535.93,36.6692,-1.3982,666.59,34.5858,0.5427,0,NaN,0,20.1
FIT,main10v2,700,30,10,21701210,win,431,31.3595,4.8394,32.9158,5.1148,803.54,803.54,702.531,20.6613,1.1394,33.18928,1.83022,-695.3121,-695.3216,0.4739,NaN,33.19555,1.87339,NaN,0,1,NaN,160.57,33.463,161.15,14.99,176.364,0.0566084,789,1484.1,9049,535.93,36.6986,-1.1349,639.51,34.6525,1.7973,1,-695.9831,0,57.3
FIT,main10v2,700,0,10,21000079,all,1337,-1.5158,-0.4384,-0.1792,-0.2365,704.68,704.68,728.948,-0.3526,-0.1743,-0.54335,-0.26862,-624.6904,-625.1182,2.0044,3.5241,-0.54172,-0.20070,16.140,1,1,0.4291,NaN,NaN,159.87,95.77,180.974,0.0445977,570,134.2,8183,827.07,-0.3446,-0.7814,739.57,-0.5990,-0.2834,0,NaN,0,18.8
FIT,main10v2,700,0,10,21000079,win,406,-2.0041,1.4776,-0.1009,0.4465,704.68,704.68,748.209,-0.4815,0.2451,-0.72059,0.36686,-672.6368,-672.3818,2.6497,2.0304,-0.72029,0.65566,36.463,1,1,0.4225,158.32,27.380,164.30,15.38,195.983,0,557,249.6,8183,909.40,-0.8395,-0.6296,803.62,-0.5456,-0.2302,0,NaN,0,16.9
FIT,main10v2,300,0,10,21300100,all,7901,-2.8052,-44.8184,-3.5870,-45.2169,878.56,247.64,299.047,0.0126,-0.0084,0.05738,-0.03828,10585.8726,10586.1113,-0.2301,0.4796,0.05729,-0.05834,1.370,1,1,0.3562,NaN,NaN,201.31,1167.70,189.449,0.093403,621,1148.2,50841,350.74,-1.4064,-1.4473,301.96,0.1393,-0.1826,0,NaN,0,20.2
FIT,main10v2,300,0,10,21300100,win,2432,-2.9291,-45.2298,2.1045,-1.1441,660.20,193.73,299.541,0.0192,-0.0566,0.08751,-0.25795,326.9324,326.9464,0.3851,0.0282,0.07836,-0.28146,2.729,1,1,0.3589,299.31,0.152,301.31,0.53,182.795,0.134708,735,1779.6,50841,294.25,-1.0225,-1.2714,308.91,-0.5479,-0.0956,0,NaN,0,18.5
FIT,main10v2,1000,0,10,21800094,all,647,0.4161,0.9171,0.4154,0.9156,1020.33,1020.33,1003.006,0.0976,0.2063,0.10580,0.22348,-749.5891,-749.5601,0.0329,0.0047,0.08748,0.22343,43.843,1,1,0.4275,NaN,NaN,163.84,72.11,169.205,0,502,89.5,4202,1296.66,0.3497,0.6994,985.17,0.3166,0.2885,0,NaN,0,19.9
FIT,main10v2,1000,0,10,21800094,win,183,0.8619,1.2334,0.8605,1.2313,1020.33,1020.33,929.295,0.5660,0.7069,0.66641,0.83234,-447.0016,-446.7141,1.4384,0.3851,0.56909,0.91026,105.186,1,1,0.9126,172.39,14.153,172.01,6.49,135.157,0,572,145.5,4202,1296.66,0.1998,0.4080,1018.85,0.8227,0.2304,0,NaN,0,17.1
FIT,main10v2,300,0,10,20400073,all,7853,-2.5690,-44.8729,2.8978,2.8149,244.62,244.62,298.368,-0.0154,0.0334,-0.07067,0.15316,10559.7278,10559.8820,2.9330,1.7810,-0.09616,0.15024,1.214,1,1,0.2800,NaN,NaN,1178.41,1287.07,189.603,0,531,1324.3,50445,350.74,-1.2314,-1.4275,299.57,-0.1540,0.2169,0,NaN,0,24.3
FIT,main10v3,300,0,10,20400073,win,2371,1.9789,-51.7822,NaN,NaN,NaN,302.42,297.014,0.0570,0.0257,0.26275,0.11821,293.6749,294.5147,1.9486,1.2090,0.24302,0.10518,2.679,1,1,0.5953,NaN,NaN,NaN,NaN,184.585,0,19,73.8,50445,294.25,-0.8758,-1.2063,302.42,0.2446,0.1197,1,293.6749,1,73.8
FIT,main10v2,700,0,10,21300088,all,1401,-0.8445,0.2753,0.5175,-0.2431,688.68,688.68,674.965,0.1329,-0.1942,0.22345,-0.32647,-583.2084,-583.3248,3.8554,4.5268,0.23375,-0.25248,11.291,1,1,0.3148,NaN,NaN,156.43,109.69,167.876,0,479,153.7,8623,650.41,0.9593,-0.3521,674.93,-0.0111,0.1221,0,NaN,0,18.7
FIT,main10v2,700,0,10,21300088,win,415,-2.2588,-0.4755,-0.1856,-0.0559,688.68,688.68,656.766,-0.4289,-0.2212,-0.74366,-0.38351,-682.3152,-681.2712,2.2924,1.8795,-0.61538,-0.19486,29.336,1,1,0.6207,154.08,23.225,159.47,13.82,153.785,0.00144881,668,283.7,8623,650.41,-0.0587,-0.0831,667.82,-0.6988,0.3873,0,NaN,0,16.7
FIT,main10v2,500,30,10,21001195,all,2718,35.8461,4.8218,36.7257,-0.9897,521.15,521.15,501.478,15.1567,-0.0116,35.96088,-0.02751,722.9221,723.4612,-0.1918,0.0453,36.00292,-0.02379,6.966,1,1,0.3489,NaN,NaN,151.50,269.15,194.136,0.0976732,466,89.7,18479,455.72,37.7255,-1.1003,505.37,35.7840,0.1411,0,NaN,0,21.4
FIT,main10v3,500,30,10,21001195,win,888,37.8354,-4.8813,NaN,NaN,NaN,484.34,510.594,15.6672,0.1958,36.38512,0.45466,-790.4528,-789.8103,0.7053,0.5496,36.55885,0.34057,14.650,1,1,0.8810,NaN,NaN,NaN,NaN,195.104,0.100505,19,91.3,18479,479.65,37.7123,-0.9569,484.34,37.4739,-0.5373,1,-790.4528,1,91.3
FIT,main10v2,500,30,10,21101198,all,2565,35.5451,4.7829,36.2931,-0.8570,518.44,518.44,505.430,15.0896,-0.0998,35.46919,-0.23468,583.3192,583.5549,1.1043,0.6186,35.60593,-0.22457,6.993,1,1,0.2842,NaN,NaN,148.47,291.93,191.462,0,478,155.9,17182,455.72,37.2504,-0.9683,496.98,36.0814,0.0036,0,NaN,0,20.1
FIT,main10v2,500,30,10,21101198,win,805,35.2983,4.8743,37.2955,-0.7223,518.44,518.44,512.568,15.5648,0.0219,35.98238,0.05052,-756.1795,-756.2240,2.3318,0.7223,36.28545,-0.04105,15.230,1,1,0.9849,NaN,NaN,150.33,61.42,197.816,0,503,191.2,17182,479.65,37.8608,-0.9067,493.09,36.8131,-0.0456,0,NaN,0,18.9
FIT,main10v2,700,0,10,20900076,all,1431,0.4051,-0.1304,0.3364,-0.0079,710.20,710.20,690.678,-0.0827,0.0054,-0.13542,0.00885,-588.3170,-588.1649,0.7045,0.4198,-0.08185,0.08633,14.171,1,1,0.5629,NaN,NaN,157.00,102.78,174.329,0.0490205,511,1542.6,8969,650.41,0.4229,-0.0380,698.33,-0.0464,0.1184,0,NaN,0,20.0
FIT,main10v2,700,0,10,20900076,win,457,0.1585,0.1189,0.2066,-0.3508,710.20,710.20,711.269,-0.1904,-0.1681,-0.30169,-0.26625,-708.3841,-707.9818,0.7485,0.1120,-0.30125,-0.16590,34.288,1,1,0.3482,NaN,NaN,152.39,25.88,194.005,0.0115129,482,1169.8,8969,827.07,0.2167,-0.2756,713.24,0.1812,-0.8184,0,NaN,0,18.9
FIT,main10v2,700,30,10,20701180,all,1324,34.6103,-0.8127,36.9813,-0.4974,663.74,663.74,719.526,21.7014,-0.3286,33.93350,-0.51374,-575.9512,-576.3591,-0.4270,1.3920,34.03395,-0.48693,17.071,1,1,0.4515,NaN,NaN,157.74,152.01,201.836,0,534,124.9,8618,650.41,37.0875,-0.6288,729.82,33.3836,-0.7159,0,NaN,0,20.7
FIT,main10v2,700,30,10,20701180,win,431,34.9105,-0.4755,36.6084,-0.3805,756.85,756.85,670.414,20.3594,-0.1756,34.48320,-0.29741,-665.4199,-665.3459,-0.9540,NaN,34.16362,-0.53208,NaN,0,1,NaN,NaN,NaN,152.53,39.55,181.971,0,604,632.4,8618,758.40,36.6004,-0.3804,729.77,35.6531,-0.4220,1,-665.6852,0,57.5
FIT,main10v2,1000,0,10,21600088,all,672,0.3654,0.0528,0.2418,-0.1228,1045.81,1045.81,1041.172,-0.2065,-0.2509,-0.21485,-0.26108,-770.2630,-770.8508,0.4462,0.5832,-0.24227,-0.13830,56.325,1,1,0.5524,NaN,NaN,164.23,57.59,183.649,0.0221492,500,1302.3,4304,909.40,0.1072,-0.5719,997.40,-0.1995,-0.6055,0,NaN,0,18.2
FIT,main10v2,1000,0,10,21600088,win,213,0.3170,0.8619,0.1842,0.7106,1045.81,1045.81,1060.831,-0.3794,-0.1066,-0.38680,-0.10872,-496.8343,-496.4609,0.2209,0.2169,-0.45078,-0.29536,139.256,1,1,0.5614,174.05,16.418,174.22,15.10,183.466,0.0242527,635,1863.4,4304,1135.48,0.5250,-0.2746,985.92,-0.4832,-0.0366,0,NaN,0,17.1
FIT,main10v2,500,0,10,21200091,all,2780,-2.8835,-3.3702,-0.3400,-0.8303,462.88,462.88,502.420,0.0355,0.0624,0.08409,0.14767,819.2000,818.5239,0.4054,0.1281,0.09623,0.18237,6.801,1,1,0.3261,NaN,NaN,150.82,283.34,183.784,0.0361202,531,78.9,17201,569.33,0.8241,-0.1041,497.43,0.1278,0.2486,0,NaN,0,19.9
FIT,main10v2,500,0,10,21200091,win,842,-3.1722,-3.0118,-0.2882,-0.6345,500.85,500.85,515.276,0.0194,0.0821,0.04462,0.18860,-755.0827,-755.1882,1.6694,1.2801,-0.05273,0.15548,13.993,1,1,0.2546,NaN,NaN,152.83,61.46,192.938,0,535,79.2,17201,455.72,-0.4231,-0.7287,534.95,0.0186,0.5413,0,NaN,0,19.8
FIT,main10v2,500,0,10,21400097,all,2777,-2.8843,4.7768,-0.3944,-0.6525,495.94,495.94,504.172,-0.0047,0.0828,-0.01099,0.19515,858.3054,857.7747,0.1408,0.4570,-0.02390,0.21060,6.232,1,1,0.3339,NaN,NaN,152.05,283.51,187.144,0,533,184.5,17520,569.33,0.5149,-0.0107,504.31,-0.0429,0.6382,0,NaN,0,19.5
FIT,main10v2,500,0,10,21400097,win,863,-3.2812,4.7784,-0.5513,-0.8597,495.94,495.94,504.276,-0.1943,0.2720,-0.45807,0.64111,-768.5794,-769.1379,-0.1643,0.1132,-0.45219,0.54961,12.840,1,1,0.4325,510.72,0.274,476.29,6.06,186.006,0.0208385,741,447.6,17520,607.18,0.3101,0.1413,520.27,-0.1840,0.9167,0,NaN,0,21.5
FIT,main10v2,700,30,10,21601207,all,1324,34.1905,-0.7812,33.7845,-0.2468,703.55,703.55,715.487,21.2570,0.0694,33.44992,0.10918,-620.0886,-620.7016,0.2756,0.8003,33.50554,0.09437,17.743,1,1,0.6964,NaN,NaN,155.26,130.78,186.517,0.0972253,477,587.1,9631,827.07,34.9943,-0.8184,709.25,33.4319,0.2612,0,NaN,0,18.5
FIT,main10v3,700,30,10,21601207,win,422,34.1094,-2.0607,NaN,NaN,NaN,616.73,702.460,20.7177,-0.3153,33.28363,-0.50649,-686.8608,-687.0152,-0.1702,0.0026,33.39273,-0.70015,48.770,1,1,0.4511,NaN,NaN,NaN,NaN,176.385,0.0440703,19,72.5,9631,607.18,34.5670,-1.1637,616.73,34.6762,-1.0395,1,-686.8608,1,72.5
FIT,main10v2,500,30,10,20901192,all,2603,35.2203,4.8119,36.7871,-0.9148,523.90,523.90,501.174,15.0882,-0.1121,35.82411,-0.26606,639.0558,638.8108,0.4723,0.0324,35.87848,-0.28430,6.539,1,1,0.4553,NaN,NaN,149.63,311.70,191.358,0,546,107.9,17502,479.65,37.3940,-1.0564,495.04,36.2606,-0.2971,0,NaN,0,21.8
FIT,main10v2,500,30,10,20901192,win,846,35.8507,5.0426,36.9934,-0.8981,523.90,523.90,506.411,15.3293,-0.0267,35.94969,-0.06257,-772.2548,-771.1387,0.5880,0.1297,36.06490,-0.02869,18.070,1,1,0.8999,484.90,0.104,486.88,0.49,194.36,0.038119,763,466.4,17502,535.93,36.6093,-0.8816,490.95,36.8410,-0.2424,0,NaN,0,21.6
FIT,main10v2,700,30,10,21001189,all,1265,34.5363,-0.4443,36.5318,-0.8364,649.74,649.74,697.479,20.8288,-0.1547,33.73196,-0.25061,-665.0072,-665.4636,-0.0136,0.0164,33.75330,-0.22716,19.619,1,1,0.2748,NaN,NaN,157.74,109.98,166.083,0.115165,568,146.0,8853,758.40,33.5712,-0.4226,713.23,33.6803,-0.3440,0,NaN,0,19.5
FIT,main10v2,700,30,10,21001189,win,401,31.8334,1.1096,33.4552,-0.2970,738.10,738.10,689.487,20.5996,0.1324,33.79833,0.21723,-682.0386,-680.4127,-0.2877,0.0228,33.54355,0.23313,68.462,1,1,1.6519,158.06,22.486,165.44,13.76,159.974,0.0473803,567,277.6,8853,569.33,37.8062,-1.0016,576.02,37.2739,-0.3689,1,-682.5794,0,83.0
FIT,main10v2,500,30,10,21201201,all,2697,34.8930,-2.1474,37.4570,-0.8622,515.76,515.76,496.113,15.0799,-0.0299,36.23999,-0.07181,719.1732,719.5658,0.8254,0.2926,36.15082,-0.09672,7.121,1,1,0.3826,NaN,NaN,149.26,306.93,191.925,0.0454622,548,73.3,17677,479.65,37.8651,-0.9590,496.85,36.1018,0.1817,0,NaN,0,23.6
FIT,main10v2,500,30,10,21201201,win,888,35.2482,4.6019,37.8939,-0.9333,515.76,515.76,490.785,14.8325,0.1377,36.10777,0.33512,-762.1791,-762.0823,1.2684,0.4992,35.94281,0.36345,12.756,1,1,0.4457,NaN,NaN,144.47,53.99,192.593,0.0346595,490,76.4,17677,479.65,38.1993,-0.9845,489.60,35.8761,0.7595,0,NaN,0,25.1
FIT,main10v2,500,0,10,21500100,all,2987,-3.0468,4.6206,-0.4277,-0.6105,493.52,493.52,499.790,-0.0458,0.1440,-0.10899,0.34312,1109.9211,1109.7801,-0.0422,0.0013,-0.09189,0.35876,5.908,1,1,0.5504,NaN,NaN,151.85,297.49,196.756,0.0221759,527,314.3,18547,569.33,0.6773,0.0933,507.32,-0.0995,0.2023,0,NaN,0,18.9
FIT,main10v3,500,0,10,21500100,win,885,6.4595,4.8743,NaN,NaN,NaN,482.19,488.027,0.1369,-0.0150,0.33548,-0.03681,-773.7726,-774.8899,0.7453,0.7268,0.44798,0.05659,13.643,1,1,0.6972,NaN,NaN,NaN,NaN,174.018,0.0424065,19,106.1,18547,455.72,-0.0624,-0.5798,482.19,0.2740,-0.5216,1,-773.7726,1,106.1
FIT,main10v2,300,30,10,20801195,all,7003,36.7415,-45.0469,39.2792,-0.6069,633.17,239.11,301.987,9.0746,-0.0183,40.87884,-0.08245,8499.0056,8498.9356,1.2806,1.9697,40.99236,-0.07495,1.429,1,1,0.3461,301.87,0.043,300.98,0.95,178.184,0.17167,759,230.8,47819,276.44,43.3802,-0.2511,302.05,40.8926,-0.2242,0,NaN,0,28.6
FIT,main10v2,300,30,10,20801195,win,2224,37.2094,5.0803,40.5761,-1.0162,334.54,334.54,301.417,8.9695,0.0237,40.50956,0.10708,102.9960,102.9683,0.7772,0.2065,40.69534,0.06365,3.140,1,1,0.7239,NaN,NaN,139.24,132.24,177.062,0.1112,535,131.5,47819,268.32,45.9334,0.8345,306.01,40.5523,-0.3748,0,NaN,0,25.8
FIT,main10v2,1000,0,10,21700091,all,712,0.4755,0.6605,0.2174,0.4201,1032.90,1032.90,991.139,-0.1411,0.0021,-0.15483,0.00235,-744.5586,-745.5379,0.0083,0.0407,-0.16013,0.10338,43.494,1,1,0.4058,NaN,NaN,166.05,82.47,181.756,0,487,392.4,4570,1296.66,0.5884,0.2098,957.40,-0.2058,0.3776,0,NaN,0,19.1
FIT,main10v3,1000,0,10,21700091,win,204,1.0791,0.5944,NaN,NaN,NaN,892.67,1167.422,-0.2161,-0.5765,-0.19876,-0.53020,-471.5359,-471.5341,2.4134,NaN,-0.72717,-0.75392,NaN,0,1,NaN,NaN,NaN,NaN,NaN,235.907,0,37,204.7,4570,1135.48,-0.8859,-1.3758,892.67,-0.5996,-0.5771,1,-471.5359,1,204.7
FIT,main10v2,500,30,10,20501180,all,2490,35.9468,4.7993,36.9918,-0.8835,491.13,491.13,501.966,15.0739,-0.0544,35.72304,-0.12886,462.2934,462.2712,0.0798,0.0778,35.77027,-0.11726,7.081,1,1,0.4029,NaN,NaN,148.90,268.77,180.658,0.0460952,496,145.9,17242,455.72,37.4808,-1.0404,497.99,36.0344,-0.0434,0,NaN,0,20.7
FIT,main10v2,500,30,10,20501180,win,762,36.4601,3.0910,37.4323,-0.8375,491.13,491.13,488.160,14.7593,-0.0899,36.16066,-0.22018,-773.2281,-773.3524,0.1840,0.5335,35.98260,-0.26213,15.753,1,1,0.4317,NaN,NaN,147.56,34.61,163.85,0.0248467,553,234.5,17242,455.72,37.4443,-1.1525,493.02,37.2435,-1.4084,1,-773.8314,0,117.3
FIT,main10v2,500,0,10,20500070,all,2875,-2.7957,-1.8562,-0.2984,-0.7647,477.84,477.84,495.554,-0.0114,-0.1132,-0.02754,-0.27237,983.0909,983.0315,1.0779,0.5547,-0.03176,-0.28828,5.906,1,1,0.1710,NaN,NaN,150.77,315.98,186.743,0,508,407.8,17993,455.72,-0.3970,-0.8261,497.54,-0.1762,-0.3733,0,NaN,0,21.3
FIT,main10v2,500,0,10,20500070,win,844,-1.9616,4.4096,-0.4138,-1.0658,518.99,518.99,488.374,-0.0815,-0.2884,-0.19961,-0.70613,-782.6007,-782.8142,0.6106,0.6469,-0.24837,-0.62424,14.055,1,1,0.6904,NaN,NaN,149.34,43.66,164.628,0.047579,537,260.0,17993,455.72,-0.4101,-1.1203,464.33,0.0351,-0.9040,0,NaN,0,20.7
FIT,main10v2,1000,0,10,22000100,all,689,0.0694,-0.3765,0.0694,-0.3766,996.15,996.15,1011.695,0.0673,-0.3277,0.07227,-0.35168,-761.1150,-761.3221,0.0743,0.0585,0.07249,-0.31493,48.951,1,1,0.3597,NaN,NaN,172.51,77.87,182.824,0,452,123.5,4140,909.40,0.3864,-0.6470,1060.77,0.4642,-0.4552,0,NaN,0,20.1
FIT,main10v2,1000,0,10,22000100,win,214,0.7133,-1.8130,0.7136,-1.8136,996.15,996.15,854.009,0.1833,-0.8417,0.23678,-1.08746,-490.8768,-490.4295,2.6526,2.1233,0.24178,-1.25366,84.290,1,1,1.0095,181.34,22.074,173.00,15.82,130.431,0.00487123,649,384.5,4140,909.40,0.5015,-1.7789,922.78,0.0889,-2.0455,0,NaN,0,20.7
FIT,main10v2,1000,30,10,22101213,all,603,35.1385,0.4847,35.4363,-0.3913,873.70,873.70,987.659,29.9601,-0.1094,33.00813,-0.12058,-755.4773,-754.9736,-0.3640,0.0440,32.98243,-0.06293,58.024,1,1,0.4952,NaN,NaN,169.92,56.80,157.55,0.0677269,544,245.6,4321,1135.48,34.4506,0.2456,896.89,34.1457,-0.3729,1,-756.1228,0,88.9
FIT,main10v2,1000,30,10,22101213,win,176,35.7846,0.5152,35.6370,-1.0836,873.70,873.70,863.711,26.3663,-0.9670,33.64286,-1.23391,-440.9110,-440.8898,0.5088,NaN,30.68546,-0.47311,NaN,0,1,NaN,169.78,7.474,173.93,5.06,114.423,0.0156851,681,452.7,4321,165.95,41.7739,4.5050,173.91,41.8318,4.0206,1,-448.3918,0,121.1
FIT,main10v2,1000,0,10,21200076,all,758,-0.0703,0.5812,-0.1107,0.2022,1101.16,1101.16,991.967,-0.5027,0.2007,-0.55123,0.22005,-782.2824,-782.3741,0.1251,0.0339,-0.54214,0.20908,43.270,1,1,0.5579,NaN,NaN,168.16,74.57,187.865,0.0284793,499,357.5,4617,909.40,0.0999,-0.2681,997.10,-0.9311,0.4515,0,NaN,0,23.2
FIT,main10v3,1000,0,10,21200076,win,199,0.2038,1.3077,NaN,NaN,NaN,942.08,982.576,-0.4431,0.5464,-0.49091,0.60539,-479.2179,-478.8534,0.1658,0.0153,-0.43839,0.84995,138.203,1,1,0.6566,NaN,NaN,NaN,NaN,144.909,0.02655,19,134.3,4617,1296.66,0.4663,1.6985,942.08,-0.0945,1.8986,1,-479.2179,1,134.3
FIT,main10v2,500,30,10,21501210,all,2506,35.6256,-2.4570,36.9974,-0.8013,507.91,507.91,501.560,15.1370,0.0260,35.90700,0.06173,494.4050,494.2824,0.3522,0.0565,35.94646,0.06786,6.588,1,1,0.2796,NaN,NaN,152.60,291.32,185.087,0,484,150.2,16811,479.65,37.3910,-0.9884,512.33,35.8635,0.1924,0,NaN,0,25.5
FIT,main10v2,500,30,10,21501210,win,770,35.8696,-2.5679,37.1282,-0.8504,507.91,507.91,502.464,15.1650,-0.0607,35.89661,-0.14361,-780.2581,-780.2461,-0.3242,0.0288,35.96543,-0.15913,14.613,1,1,0.2808,NaN,NaN,152.26,52.23,172.812,0.0397422,483,150.6,16811,479.65,37.6159,-1.0286,477.35,37.2887,-0.3128,1,-782.5910,0,69.8
FIT,main10v2,300,30,10,20401183,all,7463,42.4605,-44.8387,38.2643,-1.7349,486.74,486.74,299.962,9.0076,0.0145,40.95062,0.06591,9569.8594,9570.0099,0.1094,0.0009,40.93528,0.06016,1.279,1,1,0.4648,300.08,0.075,299.97,7.09,191.625,0,689,258.6,49308,276.44,43.2362,-0.2700,300.71,40.7831,0.3984,0,NaN,0,26.5
FIT,main10v3,300,30,10,20401183,win,2260,42.3234,-44.8282,NaN,NaN,NaN,288.83,299.941,8.9383,0.0144,40.63935,0.06531,148.6248,149.7972,-0.0265,0.0003,40.74914,0.04480,3.181,1,1,1.3146,NaN,NaN,NaN,NaN,182.231,0.0584343,19,137.4,49308,276.44,43.4147,0.1231,288.83,42.4704,0.5683,1,148.6248,1,137.4
FIT,main10v2,1000,30,10,21201186,all,632,34.3976,-0.2594,33.6712,-0.4421,962.12,962.12,1010.560,30.4370,-0.1618,32.70831,-0.17387,-740.2224,-740.6293,0.1959,0.0422,32.74012,-0.26277,52.013,1,1,0.3737,NaN,NaN,159.05,89.14,192.261,0,502,158.3,4434,827.07,36.0953,-0.9854,1030.50,32.7896,0.5313,0,NaN,0,23.4
FIT,main10v3,1000,30,10,21201186,win,185,35.5865,0.2038,NaN,NaN,NaN,748.94,934.020,29.3439,-0.5841,34.35972,-0.68397,-439.8839,-440.0926,0.6382,0.3264,34.41986,-0.57317,107.206,1,1,0.7772,NaN,NaN,NaN,NaN,153.714,0,19,109.7,4434,827.07,36.6491,-0.8476,748.94,36.1183,-0.0226,1,-439.8839,1,109.7
FIT,main10v2,500,0,10,20600073,all,2826,-2.4153,-2.6331,0.3248,-0.6511,475.63,475.63,504.293,0.0378,0.0565,0.08910,0.13318,829.7765,829.4518,0.4369,0.3699,0.10929,0.14177,7.131,1,1,0.4840,NaN,NaN,150.61,234.47,177.709,0.209763,515,158.8,17796,569.33,0.4385,0.0801,507.40,0.1677,-0.0872,0,NaN,0,22.5
FIT,main10v2,500,0,10,20600073,win,821,-2.0967,-5.6445,0.8392,-0.2831,566.31,566.31,514.406,0.2673,-0.4855,0.61537,-1.11760,-799.0378,-798.9977,1.4215,NaN,0.50588,-1.09006,NaN,0,1,NaN,NaN,NaN,153.54,38.19,170.02,0.0816182,630,350.3,17796,569.33,0.4316,-0.3335,510.06,-0.0594,-0.3593,0,NaN,0,22.9
FIT,main10v2,500,30,10,20601183,all,2647,35.7432,4.9637,35.8658,-0.7934,532.35,532.35,493.837,14.7071,-0.1602,35.53848,-0.38699,670.3518,670.6404,0.8522,0.8972,35.40355,-0.41222,6.411,1,1,0.3206,NaN,NaN,147.82,291.83,187.498,0.00747957,531,159.4,18060,455.72,37.1552,-0.9097,495.87,35.4117,-0.4347,0,NaN,0,24.7
FIT,main10v2,500,30,10,20601183,win,827,35.1553,4.6307,37.1536,-0.6395,532.35,532.35,488.629,14.6691,-0.1082,35.89842,-0.26476,-748.0670,-747.9852,1.6675,0.7684,35.69468,-0.21282,12.621,1,1,0.5745,488.47,0.599,485.32,0.06,183.35,0,602,188.7,18060,455.72,38.7156,-0.7317,474.54,37.0457,0.4968,1,-748.3199,0,95.2
